executables/data/chinacountyasciigrid.txt
ncols         612
nrows         378
xllcorner     73.55770111084
yllcorner     15.779999732971
cellsize      0.1
NODATA_value  -9999
[rows 111 to 147 of 378, columns 332 to 414 of 612]
-9999 -9999 -9999 -9999 -9999 -9999 1402 1402 -9999 -9999 -9999 -9999 1402 1402 1402 1402 1402 1402 1402 -9999 -9999 -9999 1402 1402 1402 1402 1395 1395 1395 1395 1395 1395 1395 1395 1395 1395 1395 1395 1395 1395 1458 1458 1458 1458 1458 1458 1458 1458 1458 1458 1458 1458 1458 1458 1458 1471 1471 1471 1471 1471 1471 1471 1471 1471 1471 1471 1471 1471 1471 1471 1464 1464 1464 1464 1464 1464 1464 1464 1464 1464 1468 1468 1468
-9999 -9999 -9999 1400 1400 1400 1402 1402 1402 1402 1402 1402 1402 1402 1402 1402 1402 1402 1402 1402 1402 1402 1402 1402 1402 1402 1402 1395 1395 1395 1395 1395 1395 1395 1395 1395 1395 1395 1395 1395 1458 1458 1458 1458 1458 1458 1458 1458 1458 1458 1458 1458 1458 1458 1458 1458 1458 1458 1458 1471 1471 1471 1471 1471 1471 1471 1471 1471 1464 1464 1464 1464 1464 1464 1464 1464 1464 1464 1464 1464 1468 1468 1468
1400 1400 1400 1400 1400 1402 1402 1402 1402 1402 1402 1402 1402 1402 1402 1402 1402 1402 1402 1402 1402 1402 1402 1402 1402 1402 1402 1395 1395 1395 1395 1395 1395 1395 1395 1395 1395 1395 1395 1395 1458 1458 1458 1458 1458 1458 1458 1458 1458 1458 1458 1458 1458 1458 1458 1458 1458 1458 1458 1458 1471 1471 1471 1471 1471 1471 1471 1464 1464 1464 1464 1464 1464 1464 1464 1464 1464 1464 1451 1464 1468 1468 1468
1400 1400 1400 1400 1400 1400 1402 1402 1402 1402 1402 1402 1402 1402 1402 1402 1402 1402 1402 1402 1402 1402 1402 1402 1402 1402 1402 1395 1395 1395 1395 1395 1395 1395 1395 1395 1395 1395 1395 1395 1395 1458 1458 1458 1458 1458 1458 1458 1458 1458 1458 1458 1458 1458 1458 1458 1458 1458 1458 1458 1458 1471 1471 1471 1471 1471 1457 1457 1464 1464 1464 1464 1464 1451 1464 1451 1464 1451 1451 1451 701 1468 1468
1400 1400 1400 1400 1400 1400 1400 1402 1402 1402 1402 1402 1402 1402 1402 1402 1402 1402 1402 1402 1402 1402 1402 1402 1402 1402 1395 1395 1395 1395 1395 1395 1395 1395 1395 1395 1395 1395 1395 1395 1395 1395 1458 1458 1458 1458 1458 1458 1458 1458 1458 1458 1458 1458 1458 1458 1458 1458 1458 1458 1458 1458 1471 1471 1471 1457 1457 1457 1457 1451 1451 1464 1464 1451 1451 1451 1451 701 701 701 701 1472 1472
1400 1400 1400 1400 1400 1400 1400 1400 1402 1402 1402 1402 1402 1402 1402 1402 1402 1402 1402 1402 1402 1402 1402 1402 1402 1402 1395 1395 1395 1395 1395 1395 1395 1395 1395 1395 1395 1395 1395 1395 1395 1395 1458 1458 1458 1458 1458 1458 1458 1458 1458 1458 1458 1458 1458 1458 1458 1458 1458 1458 1458 1454 1454 1454 1454 1457 1457 1457 1457 1451 1451 1451 1451 1451 1451 1451 701 701 701 701 701 1472 1472
1400 1400 1400 1400 1400 1400 1400 1400 1402 1402 1402 1402 1402 1402 1402 1402 1402 1402 1402 1402 1402 1402 1402 1402 1402 1395 1395 1395 1395 1395 1395 1395 1395 1395 1395 1395 1395 1395 1395 1395 1395 1395 1395 1458 1458 1458 1458 1458 1458 1458 1458 1458 1458 1458 1458 1458 1458 1458 1458 1458 1454 1454 1454 1454 1457 1457 1457 1457 1457 1457 1451 1451 1451 1451 1451 701 701 701 701 701 701 701 1472
1400 1400 1400 1400 1400 1400 1400 1402 1402 1402 1402 1402 1402 1402 1402 1402 1402 1402 1402 1402 1402 1402 1402 1402 1402 1402 1395 1395 1395 1395 1395 1395 1395 1395 1395 1395 1395 1395 1395 1395 1395 1395 1395 1395 1458 1458 1458 1458 1458 1458 1458 1458 1458 1458 1458 1458 1458 1456 1456 1456 1454 1454 1454 1454 1454 1457 1457 1457 1457 1457 1457 1451 1451 1451 1451 701 701 701 701 701 701 1472 1472
1400 1400 1400 1400 1400 1400 1400 1402 1402 1402 1402 1402 1402 1402 1402 1402 1402 1402 1402 1402 1402 1402 1402 1402 1402 1402 1402 1395 1395 1395 1395 1395 1395 1395 1395 1395 1395 1395 1395 1395 1395 1395 1395 1395 1395 1395 1458 1458 1458 1458 1458 1458 1458 1458 1456 1456 1456 1456 1456 1456 1454 1454 1454 1454 1454 1457 1457 1457 1457 1457 1457 1457 1451 1457 1457 701 701 701 701 701 701 1472 1472
1400 1400 1400 1400 1400 1400 1402 1402 1402 1402 1402 1402 1402 1402 1402 1402 1402 1402 1402 1402 1402 1402 1402 1402 1402 1402 1402 1395 1395 1395 1395 1395 1395 1395 1395 1395 1395 1395 1395 1395 1395 1395 1395 1395 1395 1395 1395 1458 1458 1458 1458 1458 1458 1456 1456 1456 1456 1456 1456 1456 1454 1454 1454 1454 1454 1454 1454 1457 1457 1457 1457 1457 1457 1457 1457 707 701 701 701 701 701 698 698
1400 1400 1400 1400 1400 1400 1400 1400 1402 1402 1402 1402 1402 1402 1402 1402 1402 1402 1402 1402 1402 1402 1402 1402 1402 1402 1402 1402 1402 1396 1396 1395 1395 1395 1396 1395 1395 1395 1395 1395 1395 1395 1395 1395 1395 1395 1395 1458 1458 1458 1458 1458 1458 1458 1456 1456 1456 1456 1456 1456 1456 1454 1454 1454 1454 1454 1457 1457 1459 1457 1457 702 702 702 707 707 707 707 707 707 707 707 707
1400 1400 1400 1400 1400 1400 1400 1400 1402 1402 1402 1402 1402 1402 1402 1402 1402 1402 1402 1402 1402 1402 1402 1402 1402 1402 1402 1402 1402 1396 1396 1396 1396 1396 1396 1396 1396 1395 1395 1420 1420 1395 1420 1395 1395 1395 1395 1420 1458 1458 1458 1458 1456 1456 1456 1456 1456 1456 1456 1456 1456 1454 1454 1454 1454 1454 1459 1459 1459 1459 1457 1457 702 702 702 707 707 707 707 707 707 707 707
1400 1400 1400 1400 1400 1400 1399 1399 1399 1403 1402 1402 1402 1403 1402 1402 1402 1402 1402 1402 1402 1401 1401 1401 1402 1402 1401 1402 1401 1396 1396 1396 1396 1396 1396 1396 1396 1396 1420 1420 1420 1420 1420 1420 1420 1420 1420 1420 1420 1420 1420 1458 1460 1460 1456 1456 1456 1456 1456 1456 1454 1454 1454 1454 1454 1454 1454 1459 1459 1459 1459 1459 1459 702 702 707 707 707 707 707 707 707 707
1400 1400 1400 1400 1398 1398 1399 1399 1399 1403 1403 1403 1403 1403 1403 1403 1403 1403 1401 1401 1401 1401 1401 1401 1401 1401 1401 1401 1401 1401 1396 1396 1396 1396 1396 1396 1396 1396 1396 1420 1420 1420 1420 1420 1420 1420 1420 1420 1420 1420 1420 1460 1460 1460 1460 1456 1456 1456 1456 1460 1454 1455 1455 1455 1455 1455 1455 1455 1459 1459 1459 702 702 702 702 702 707 707 707 707 707 707 697
1400 1400 1398 1398 1398 1399 1399 1399 1399 1399 1403 1403 1403 1403 1403 1403 1403 1403 1401 1401 1401 1401 1401 1401 1401 1401 1401 1401 1401 1401 1396 1396 1396 1396 1396 1396 1396 1396 1396 1420 1420 1420 1420 1420 1420 1420 1420 1420 1420 1420 1414 1414 1414 1460 1460 1460 1456 1456 1460 1460 1460 1455 1455 1452 1455 1455 1455 1455 1455 1459 1459 702 702 702 702 702 707 707 707 707 707 697 697
1400 1398 1398 1398 1398 1399 1399 1399 1399 1403 1403 1403 1403 1403 1403 1403 1401 1401 1401 1401 1401 1401 1401 1401 1401 1401 1401 1401 1401 1401 1401 1396 1396 1396 1396 1396 1396 1396 1396 1396 1420 1420 1420 1420 1420 1420 1420 1420 1420 1414 1414 1414 1414 1414 1460 1460 1460 1460 1460 1460 1460 1460 1455 1455 1455 1455 1455 1455 1455 1459 1459 1459 702 702 702 702 702 703 703 703 708 697 697
1398 1398 1398 1399 1399 1399 1399 1399 1399 1403 1437 1437 1437 1437 1437 1401 1401 1401 1401 1401 1401 1401 1401 1401 1401 1401 1401 1401 1401 1401 1401 1396 1396 1396 1396 1396 1396 1418 1396 1420 1420 1420 1419 1419 1419 1419 1419 1419 1414 1414 1414 1414 1414 1414 1460 1460 1460 1460 1460 1460 1460 1455 1455 1455 1455 1455 1455 1455 1459 1459 1459 1459 1459 702 702 702 703 703 703 703 703 708 697
1397 1398 1398 1398 1399 1399 1399 1399 1437 1437 1437 1437 1437 1437 1437 1437 1437 1401 1401 1401 1401 1401 1401 1401 1401 1401 1401 1394 1394 1394 1394 1394 1394 1394 1394 1394 1396 1418 1418 1418 1419 1419 1419 1419 1419 1419 1419 1419 1414 1414 1414 1414 1414 1453 1453 1453 1460 1460 1460 1460 1453 1450 1450 1455 1450 1455 1450 1459 1459 1459 1459 1459 1459 1784 699 699 703 703 703 703 708 708 704
1397 1397 1397 1398 1399 1437 1437 1437 1437 1437 1437 1437 1437 1437 1437 1437 1437 1437 1437 1401 1401 1401 1401 1401 1401 1401 1394 1394 1394 1394 1394 1394 1394 1394 1394 1394 1394 1418 1418 1418 1419 1419 1419 1419 1419 1419 1419 1419 1419 1414 1414 1415 1415 1453 1453 1453 1453 1453 1453 1453 1450 1450 1450 1450 1450 1450 1450 1450 1450 1459 1459 1459 1459 1784 699 699 699 699 699 699 704 704 708
1397 1397 1397 1397 1437 1437 1437 1437 1437 1437 1437 1437 1437 1437 1437 1437 1437 1437 1437 1437 1437 1437 1437 1434 1401 1401 1401 1394 1434 1394 1394 1394 1394 1394 1434 1394 1418 1418 1418 1418 1418 1419 1419 1419 1419 1417 1417 1415 1415 1419 1415 1415 1415 1453 1453 1453 1453 1453 1453 1453 1453 1453 1450 1450 1450 1450 1450 1450 1450 1450 1459 1459 1459 1784 1784 699 699 699 699 699 704 704 704
1397 1397 1397 1397 1437 1437 1437 1437 1437 1437 1437 1437 1437 1437 1437 1437 1437 1437 1437 1437 1437 1437 1437 1434 1434 1434 1434 1434 1434 1434 1434 1434 1434 1434 1434 1434 1418 1418 1418 1418 1418 1418 1418 1417 1417 1417 1417 1415 1415 1415 1415 1415 1415 1415 1415 1453 1453 1453 1453 1453 1453 1453 1450 1450 1450 1450 1450 1450 1450 1785 1785 1785 1784 1784 1784 699 699 699 699 704 704 704 704
1397 1397 1397 1437 1437 1437 1437 1437 1437 1437 1437 1437 1437 1437 1437 1437 1437 1437 1437 1437 1437 1437 1437 1434 1434 1434 1434 1434 1434 1434 1434 1434 1434 1434 1434 1434 1434 1434 1418 1418 1418 1418 1418 1417 1417 1417 1417 1415 1415 1415 1415 1415 1415 1415 1415 1453 1453 1453 1453 1453 1453 1779 1779 1779 1779 1450 1450 1785 1785 1785 1785 1784 1784 1784 1784 1784 1784 1784 705 705 704 704 709
1397 1397 1437 1437 1437 1437 1437 1437 1437 1437 1437 1437 1437 1437 1437 1437 1437 1437 1437 1437 1437 1437 1437 1437 1434 1434 1434 1434 1434 1434 1434 1434 1434 1434 1434 1434 1434 1434 1434 1438 1438 1438 1438 1438 1417 1417 1417 1417 1415 1415 1415 1415 1415 1415 1415 1838 1838 1838 1838 1453 1453 1779 1779 1779 1779 1779 1779 1780 1785 1785 1785 1785 1784 1784 1784 705 705 705 705 705 704 704 709
1391 1440 1440 1437 1437 1437 1437 1437 1437 1437 1437 1437 1437 1437 1437 1437 1437 1437 1437 1437 1437 1437 1437 1434 1434 1434 1434 1434 1434 1434 1434 1434 1434 1434 1434 1434 1434 1434 1434 1438 1438 1438 1438 1438 1438 1438 1416 1416 1415 1415 1415 1415 1415 1415 1415 1838 1838 1838 1786 1786 1786 1786 1779 1779 1779 1779 1780 1780 1780 1785 1785 1785 1785 705 705 705 705 705 705 706 706 706 706
1440 1440 1440 1440 1437 1437 1437 1437 1437 1437 1437 1437 1437 1437 1437 1437 1437 1437 1437 1437 1437 1437 1437 1437 1437 1434 1434 1434 1434 1434 1434 1434 1434 1434 1434 1434 1434 1434 1434 1438 1438 1438 1438 1438 1438 1438 1416 1416 1416 1416 1416 1416 1415 1415 1838 1838 1838 1838 1838 1786 1786 1786 1779 1779 1779 1779 1780 1780 1780 1780 1780 1785 705 705 705 705 705 706 706 706 706 706 709
1440 1440 1440 1440 1440 1440 1437 1440 1437 1437 1437 1437 1437 1437 1437 1437 1437 1437 1437 1437 1437 1437 1437 1437 1435 1435 1435 1434 1435 1434 1434 1435 1435 1435 1434 1434 1434 1438 1438 1438 1438 1438 1438 1438 1438 1438 1438 1416 1416 1416 1416 1416 1416 1834 1838 1838 1838 1838 1786 1786 1786 1779 1779 1779 1833 1833 1780 1780 1780 1780 1780 1785 1781 705 706 706 706 706 706 706 706 706 706
1440 1461 1440 1440 1440 1440 1440 1440 1440 1440 1440 1437 1437 1437 1437 1437 1437 1437 1437 1437 1437 1437 1437 1437 1435 1435 1435 1435 1435 1435 1435 1435 1435 1435 1435 1435 1438 1438 1438 1438 1438 1438 1438 1438 1438 1438 1438 1416 1416 1416 1416 1416 1834 1834 1834 1838 1838 1838 1786 1786 1786 1786 1833 1833 1833 1833 1780 1780 1782 1782 1782 1781 1781 1781 1781 1781 1781 706 706 706 706 706 706
1461 1461 1461 1440 1440 1440 1440 1440 1440 1440 1440 1440 1440 1440 1437 1437 1437 1437 1437 1437 1437 1437 1437 1437 1437 1436 1436 1435 1436 1436 1435 1435 1435 1435 1438 1438 1438 1438 1438 1438 1438 1438 1438 1438 1438 1438 1416 1416 1416 1416 1416 1416 1834 1834 1834 1834 1838 1835 1838 1835 1833 1833 1833 1833 1833 1833 1833 1782 1782 1782 1782 1782 1781 1781 1781 1781 706 706 706 706 706 706 709
1461 1461 1461 1440 1440 1440 1440 1440 1440 1440 1440 1440 1440 1440 1440 1440 1440 1440 1437 1437 1437 1437 1437 1437 1436 1436 1436 1436 1436 1436 1436 1436 1436 1438 1438 1438 1438 1438 1438 1438 1438 1438 1438 1438 1438 1438 1438 1852 1852 1416 1416 1416 1834 1834 1834 1834 1834 1835 1835 1835 1835 1833 1837 1837 1837 1837 1782 1782 1782 1782 1782 1783 1781 1781 1781 1783 1783 706 706 706 706 568 568
1461 1461 1461 1440 1440 1440 1440 1440 1440 1440 1440 1440 1440 1440 1440 1440 1440 1440 1440 1440 1437 1437 1437 1436 1436 1436 1436 1436 1436 1436 1436 1436 1436 1436 1436 1436 1438 1438 1438 1438 1438 1438 1629 1629 1438 1438 1438 1852 1852 1852 1852 1852 1834 1834 1834 1834 1834 1834 1835 1835 1835 1835 1837 1837 1837 1837 1837 1782 1782 1782 1782 1782 1783 1783 1783 1783 1783 1783 568 568 568 568 568
1461 1461 1461 1440 1440 1440 1440 1440 1440 1440 1440 1440 1440 1440 1440 1440 1440 1440 1440 1440 1440 1437 1437 1436 1436 1436 1436 1436 1436 1436 1436 1436 1436 1436 1635 1436 1436 1438 1438 1438 1438 1629 1629 1438 1438 1438 1848 1852 1852 1852 1852 1852 1852 1834 1834 1834 1834 1834 1834 1835 1835 1835 1835 1837 1837 1837 1837 1837 1782 1782 1782 1782 1783 1783 1783 1783 1783 568 568 568 568 568 568
1461 1461 1440 1440 1440 1440 1440 1440 1440 1440 1440 1440 1440 1440 1440 1440 1440 1440 1440 1440 1440 1441 1441 1441 1441 1441 1436 1436 1436 1436 1436 1436 1436 1436 1635 1635 1436 1629 1438 1438 1629 1629 1629 1629 1848 1848 1848 1852 1852 1852 1852 1853 1853 1836 1836 1836 1836 1836 1836 1836 1835 1835 1835 1845 1837 1837 1837 1847 1847 1847 1847 1783 1783 1783 1783 1783 1783 568 568 568 568 568 580
1440 1440 1440 1440 1440 1440 1440 1440 1440 1440 1440 1440 1440 1440 1440 1440 1440 1440 1440 1441 1441 1441 1441 1441 1441 1441 1441 1436 1436 1436 1436 1436 1436 1635 1635 1635 1629 1629 1629 1629 1629 1629 1629 1629 1848 1848 1848 1848 1852 1855 1853 1853 1853 1853 1836 1836 1836 1836 1836 1836 1835 1845 1845 1845 1847 1847 1847 1847 1847 1847 1847 1847 1783 1783 1783 1783 1783 568 568 568 568 580 580
1484 1440 1440 1440 1440 1440 1440 1440 1440 1440 1440 1440 1440 1440 1440 1440 1440 1440 1441 1441 1441 1441 1441 1441 1441 1441 1441 1441 1436 1436 1436 1635 1635 1635 1635 1635 1635 1635 1629 1629 1629 1629 1629 1629 1848 1848 1848 1855 1855 1855 1853 1853 1853 1853 1853 1836 1836 1851 1836 1836 1845 1845 1845 1845 1847 1847 1847 1847 1847 1847 1847 1847 1783 1783 1783 1783 568 568 568 574 568 580 580
1484 1488 1440 1440 1440 1440 1440 1440 1440 1440 1440 1440 1440 1440 1440 1440 1440 1441 1441 1441 1441 1441 1441 1441 1441 1441 1441 1441 1436 1635 1635 1635 1635 1635 1635 1635 1635 1635 1635 1629 1629 1629 1629 1844 1844 1848 1848 1855 1855 1855 1855 1855 1853 1853 1853 1851 1851 1857 1857 1857 1845 1845 1845 1845 1845 1845 1847 1847 1854 1847 1847 565 565 565 565 565 565 574 574 574 574 575 570
1488 1488 1440 1440 1440 1440 1440 1440 1440 1440 1440 1440 1440 1440 1440 1440 1440 1441 1441 1441 1441 1441 1441 1441 1441 1441 1441 1441 1441 1635 1635 1635 1635 1635 1635 1635 1635 1635 1635 1629 1629 1629 1844 1844 1844 1848 1850 1850 1855 1855 1855 1855 1855 1851 1851 1851 1857 1857 1857 1857 1857 1857 1845 1845 1845 1854 1854 1854 1854 1854 565 565 565 565 565 565 565 565 572 574 574 575 575
1488 1440 1440 1440 1440 1440 1440 1440 1440 1440 1440 1440 1440 1440 1440 1440 1440 1441 1441 1441 1441 1441 1441 1441 1441 1441 1441 1638 1638 1638 1635 1635 1635 1635 1635 1635 1635 1635 1635 1635 1635 1629 1844 1844 1844 1850 1850 1850 1850 1850 1855 1855 1851 1851 1851 1857 1857 1857 1857 1857 1857 1857 1857 1854 1854 1854 1854 1854 1854 1854 1854 565 565 565 565 565 565 565 572 572 574 574 574
