executables/data/chinaprefectureasciigrid.txt
ncols         612
nrows         378
xllcorner     73.55770111084
yllcorner     15.779999732971
cellsize      0.1
NODATA_value  -9999
[rows 273 to 311 of 378, columns 352 to 439 of 612]
82 82 82 82 82 82 82 153 153 153 153 153 155 155 155 155 155 155 69 69 69 69 69 69 69 155 155 159 159 159 159 159 159 159 152 152 152 152 152 152 152 152 152 151 151 151 151 151 151 151 162 162 178 178 178 178 178 178 178 178 178 178 178 177 177 177 177 177 177 177 177 177 177 177 177 177 26 26 26 26 26 26 26 26 26 26 26 26
82 82 82 82 82 82 82 153 153 153 153 69 69 155 155 155 155 69 69 69 69 69 69 69 69 159 159 159 159 159 159 159 159 159 159 151 151 151 151 152 151 151 151 151 151 151 151 151 151 162 162 151 151 151 178 178 178 177 177 177 177 177 177 177 177 177 177 177 177 177 177 177 177 177 177 177 177 26 26 26 26 26 26 26 26 26 26 26
82 82 82 82 82 82 82 153 73 153 69 69 69 69 69 155 69 69 69 69 69 69 69 69 159 159 159 159 159 159 159 159 159 159 159 159 151 151 151 151 151 151 151 151 151 151 151 151 151 151 151 151 151 178 178 177 177 177 177 177 177 177 177 177 177 177 177 177 177 177 177 177 177 177 177 177 26 26 26 26 26 26 26 26 26 26 26 26
82 82 82 82 82 82 82 73 73 153 153 69 69 69 69 69 69 69 69 69 69 69 69 69 159 159 159 159 159 159 159 159 159 159 159 151 151 151 151 151 151 151 151 151 151 151 151 151 151 151 151 151 151 177 177 177 177 177 177 177 177 177 177 177 177 177 177 177 177 177 177 177 177 177 177 21 21 21 21 26 26 26 26 26 26 26 26 26
82 82 82 82 82 82 73 73 73 73 69 69 69 69 69 69 69 69 69 69 69 69 69 69 69 69 69 159 159 159 159 159 159 159 159 159 151 151 151 151 151 151 151 151 151 151 151 151 151 151 151 151 177 177 177 177 177 177 177 177 177 177 177 177 177 177 177 177 177 177 177 177 177 177 21 21 21 21 21 21 26 21 21 26 26 26 26 26
82 82 82 73 73 73 73 73 73 73 69 69 69 69 69 69 69 69 69 69 69 69 69 69 69 69 159 159 159 159 159 159 159 159 159 151 151 151 151 151 151 151 151 151 151 151 151 151 151 151 151 151 177 177 177 177 177 177 177 177 177 177 177 177 177 177 177 177 177 177 177 177 177 21 21 21 21 21 21 21 21 21 21 26 26 21 26 21
82 82 82 73 73 73 73 73 73 73 69 69 69 69 69 69 69 69 69 69 69 69 69 69 69 69 159 159 159 159 159 159 159 159 159 151 151 151 151 151 151 151 151 151 151 151 151 151 151 151 151 151 177 177 177 177 177 177 177 177 177 177 177 177 177 177 177 177 177 177 177 177 177 21 21 21 21 21 21 21 21 21 21 21 26 21 21 21
82 73 82 73 73 73 73 73 73 73 69 69 69 69 69 69 69 69 69 69 69 69 69 69 69 69 159 159 159 159 159 159 159 159 159 159 151 151 151 151 151 151 151 151 151 151 151 151 151 151 151 151 177 177 177 177 177 177 177 177 177 177 177 177 177 177 177 177 177 177 177 177 177 21 21 21 21 21 21 21 21 21 21 21 21 21 21 21
73 73 73 73 73 73 73 73 73 73 69 69 69 69 69 69 69 69 69 69 69 69 69 69 69 159 159 159 159 159 159 159 159 159 159 159 159 151 151 151 151 151 151 151 56 56 151 151 151 151 151 56 177 177 177 177 177 177 177 177 177 177 177 177 177 177 177 177 177 177 177 177 177 21 21 21 21 21 21 21 21 21 21 21 21 21 21 21
73 73 73 73 73 73 73 73 73 73 69 69 69 69 69 69 69 69 69 69 69 69 69 69 159 159 159 159 159 159 159 159 159 159 159 159 151 151 151 151 151 151 56 56 56 56 56 56 151 56 151 56 56 177 177 56 56 56 56 177 177 177 177 177 177 177 177 177 177 177 177 177 21 21 21 21 21 21 21 21 21 21 21 21 21 21 21 21
73 73 73 73 73 73 73 73 73 73 69 69 69 69 69 69 69 69 69 69 69 69 69 159 159 159 159 159 159 159 159 159 159 159 159 159 151 151 151 151 151 151 56 56 56 56 56 56 56 56 56 56 56 56 56 56 56 56 56 56 177 177 177 177 177 177 177 177 177 177 177 21 21 21 21 21 21 21 21 21 21 21 21 21 21 21 21 21
70 70 70 73 73 73 73 73 73 69 69 69 69 69 69 69 69 69 69 69 69 69 159 159 159 159 159 159 159 159 159 159 159 159 53 53 53 53 151 151 151 151 56 56 56 56 56 56 56 56 56 56 56 56 56 56 56 56 56 56 177 177 177 177 177 177 177 177 177 177 177 21 21 21 21 21 21 21 21 21 21 21 21 21 21 21 21 28
70 70 70 73 73 73 73 73 73 69 69 69 69 69 69 69 69 69 69 69 69 69 159 71 71 71 71 159 159 159 159 159 159 159 53 53 53 53 53 151 151 151 56 56 56 56 56 56 56 56 56 56 56 56 56 56 56 56 177 177 177 177 177 177 177 177 177 177 177 177 177 21 21 21 21 21 21 21 21 21 21 21 21 21 21 21 21 28
70 70 73 70 73 73 73 73 73 69 69 69 69 69 69 69 69 69 69 69 69 69 159 71 71 71 71 159 159 159 159 159 159 159 53 53 53 53 53 53 151 151 56 56 56 56 56 56 56 56 56 56 56 56 56 56 177 177 177 177 177 177 177 177 177 177 177 177 177 177 177 21 21 21 21 21 21 21 21 21 21 21 21 21 21 28 28 28
70 70 70 70 73 73 73 73 73 73 69 69 69 69 69 69 69 69 69 69 69 69 69 69 71 71 71 159 159 159 159 159 159 53 53 53 53 53 53 53 53 53 56 56 56 56 56 56 56 56 56 56 56 56 56 56 177 177 177 177 177 177 177 177 177 177 177 177 177 177 52 52 52 52 52 21 21 21 21 21 21 21 21 21 28 28 28 28
70 70 73 73 73 73 73 73 73 73 73 73 69 69 69 69 69 69 69 69 69 69 69 71 71 71 71 159 159 71 71 71 53 53 53 53 53 53 53 53 53 53 56 56 56 56 56 56 56 56 56 56 56 56 56 177 177 177 177 177 177 177 177 177 177 47 47 177 177 177 52 52 52 52 52 52 52 21 21 21 21 21 21 28 28 28 28 28
70 70 73 73 73 73 73 73 73 73 73 73 73 73 69 69 69 69 69 69 69 69 71 71 71 71 71 71 71 71 71 71 53 53 53 53 53 53 53 53 53 56 56 56 56 56 56 56 56 56 56 56 56 56 56 177 177 177 177 177 177 47 47 47 47 47 47 47 177 177 52 52 52 52 52 52 52 21 52 52 21 21 21 28 28 28 28 28
70 73 73 73 73 73 73 73 73 73 73 73 73 73 69 69 69 69 69 69 69 69 69 71 71 71 71 71 71 71 71 71 53 53 53 53 53 53 53 53 53 53 56 56 56 56 56 56 56 56 56 56 56 56 56 47 177 47 47 47 47 47 47 47 47 47 47 52 52 52 52 52 52 52 52 52 52 52 52 52 21 21 28 28 28 28 28 28
70 70 73 73 73 73 73 73 73 73 73 73 73 73 69 69 69 69 69 69 69 69 69 71 71 71 71 71 71 71 71 71 71 53 53 53 53 53 53 53 53 53 53 53 53 53 53 53 53 56 56 56 56 56 56 47 47 47 47 47 47 47 47 47 47 47 47 47 52 52 52 52 52 52 52 52 52 52 52 52 52 21 28 28 28 28 28 28
72 70 73 73 73 73 73 73 73 73 73 73 73 73 72 69 76 76 71 71 71 69 71 71 71 71 71 71 71 71 71 71 71 53 53 61 53 53 53 53 53 53 53 53 53 53 53 53 53 53 53 56 56 56 56 47 47 47 47 47 47 47 47 47 47 47 47 47 52 52 52 52 52 52 52 52 52 52 52 52 52 28 28 28 28 28 28 28
72 72 73 73 73 73 73 73 73 73 72 72 72 72 72 72 76 76 76 71 71 71 71 71 71 71 71 71 71 71 71 71 53 53 61 61 61 53 53 53 53 53 53 53 53 53 53 53 53 53 53 56 56 56 56 47 47 47 47 47 47 47 47 47 47 47 47 47 52 52 52 52 52 52 52 52 52 52 52 52 52 52 28 28 28 28 28 28
72 72 72 73 73 73 73 73 73 72 72 72 72 72 72 72 72 76 76 71 71 71 71 71 71 71 71 76 71 71 71 61 61 61 61 61 61 53 53 53 53 53 53 53 53 53 53 53 53 53 53 56 56 56 56 56 56 56 47 47 47 47 47 47 47 47 47 47 52 52 52 52 52 52 52 52 52 52 52 52 43 43 28 28 28 28 28 28
72 72 72 72 73 73 73 72 72 72 72 72 72 72 72 72 76 76 76 76 71 71 71 71 71 71 76 76 71 71 71 71 61 61 61 61 61 53 53 53 53 53 53 53 53 53 53 53 53 53 56 56 56 56 56 56 47 47 47 47 47 47 47 47 47 47 47 52 52 52 52 52 52 52 52 52 52 52 52 43 43 43 28 28 28 28 28 28
72 72 72 72 72 72 73 72 72 72 72 72 72 72 72 68 76 76 76 76 71 71 71 71 76 71 76 76 76 71 71 61 61 61 61 61 61 61 61 53 53 53 53 53 53 53 53 53 53 53 56 56 46 56 48 56 47 47 47 47 47 47 47 47 47 47 52 52 52 52 52 52 52 52 52 52 52 52 43 43 43 43 28 28 28 28 28 28
72 72 72 72 72 72 72 72 72 72 72 72 72 68 68 68 68 76 76 76 76 71 71 76 76 76 76 76 76 61 71 61 61 61 61 61 61 61 61 53 53 53 53 53 53 53 53 53 53 46 46 46 46 48 48 48 47 47 47 47 47 47 47 47 47 47 52 52 52 52 52 52 52 52 52 52 52 52 43 43 43 43 43 28 28 28 28 -9999
72 72 72 72 72 72 72 72 72 72 72 72 68 68 68 68 68 68 76 76 76 71 76 76 76 76 76 76 76 61 61 61 61 61 61 61 61 61 61 61 53 53 53 53 53 53 53 53 53 46 46 48 48 48 48 48 47 47 47 47 47 47 47 47 47 47 52 52 52 52 52 52 52 52 52 50 43 43 43 43 43 43 43 28 28 -9999 28 28
72 72 72 72 72 72 72 72 72 72 72 72 68 68 68 68 68 68 76 76 76 76 76 76 76 76 76 61 61 61 61 61 61 61 61 61 61 61 61 61 53 53 53 53 53 46 46 46 46 46 46 48 48 48 48 48 48 48 47 47 47 47 47 47 47 47 47 52 52 52 50 52 50 52 50 50 50 50 43 43 43 43 43 43 28 -9999 28 -9999
74 72 72 72 72 72 72 72 72 72 72 68 68 68 68 68 68 68 68 76 76 76 76 76 76 76 76 61 61 61 61 61 61 61 61 61 61 61 61 61 61 53 53 53 46 46 46 46 46 46 46 48 48 48 48 48 48 48 48 47 47 47 47 47 47 47 47 52 52 52 50 50 50 50 50 50 50 50 43 54 54 -9999 -9999 -9999 -9999 -9999 -9999 -9999
74 72 72 72 72 72 72 72 72 72 68 68 68 68 68 68 68 68 76 76 76 76 76 76 76 76 61 61 61 61 61 61 61 61 61 61 61 61 61 61 45 45 46 46 46 46 46 46 46 46 46 46 48 48 48 48 48 48 48 47 47 47 47 47 47 47 47 52 55 50 50 50 50 50 50 50 54 54 54 54 54 -9999 43 43 -9999 -9999 -9999 -9999
74 74 74 72 72 68 68 68 68 68 68 68 68 68 68 68 68 68 76 76 76 76 76 76 76 76 61 61 61 61 61 61 61 61 61 61 61 61 61 61 61 45 45 46 46 46 46 46 46 46 46 48 48 48 48 48 48 48 48 48 47 48 47 48 48 47 47 55 55 55 50 50 50 50 50 50 54 54 54 54 -9999 -9999 -9999 -9999 -9999 -9999 -9999 -9999
74 74 74 74 74 68 68 68 68 68 68 68 68 68 68 68 68 68 68 76 76 76 76 76 76 76 59 59 61 61 61 61 61 61 61 61 61 61 61 61 61 45 45 45 46 46 46 46 46 46 46 48 48 48 48 48 48 48 48 48 47 48 48 48 48 48 55 55 55 55 50 50 50 50 50 54 54 54 54 -9999 -9999 -9999 -9999 -9999 -9999 -9999 -9999 -9999
74 74 74 74 74 68 68 68 68 68 68 68 68 68 68 68 68 68 76 76 76 76 76 76 76 76 59 59 59 59 59 61 61 61 61 61 61 61 61 61 45 45 45 45 46 46 46 46 46 46 46 48 48 48 48 48 48 48 48 48 48 48 48 48 48 55 55 55 55 55 55 50 50 50 50 54 54 54 -9999 -9999 -9999 -9999 -9999 -9999 -9999 -9999 -9999 -9999
74 74 74 74 74 74 68 68 68 68 68 77 68 68 68 68 77 77 77 77 76 76 76 76 76 76 76 59 59 59 59 59 59 59 59 61 61 61 61 61 61 45 45 45 45 46 46 46 44 44 44 44 44 44 48 48 48 48 48 48 48 48 48 48 55 55 55 55 55 55 55 55 50 50 50 50 50 50 -9999 -9999 -9999 -9999 -9999 -9999 -9999 -9999 -9999 -9999
74 74 74 74 74 74 68 68 68 68 68 77 77 68 68 77 77 77 77 77 76 76 76 76 76 76 59 59 59 59 59 59 59 59 59 61 61 61 61 61 45 45 45 45 45 46 46 46 44 44 44 44 44 44 48 48 48 48 48 48 48 48 55 55 55 55 55 55 55 55 55 55 55 50 55 -9999 -9999 -9999 -9999 -9999 -9999 -9999 -9999 -9999 -9999 -9999 -9999 -9999
74 74 74 74 74 74 74 68 68 68 77 77 77 77 77 77 77 77 77 77 76 76 76 76 76 59 59 59 59 59 59 59 59 59 59 59 61 45 45 45 45 49 45 45 45 45 46 46 44 44 44 57 44 44 44 48 48 48 48 48 48 48 55 55 -9999 55 55 55 -9999 -9999 55 55 -9999 55 -9999 -9999 -9999 -9999 -9999 -9999 -9999 -9999 -9999 -9999 -9999 -9999 -9999 -9999
74 74 74 74 74 74 74 74 68 68 77 77 77 77 77 77 77 77 77 77 76 76 76 59 59 59 59 59 59 59 59 59 59 59 59 59 45 49 45 45 49 49 49 45 45 62 62 46 -9999 -9999 57 57 57 44 57 57 48 48 -9999 -9999 48 -9999 55 -9999 -9999 -9999 55 55 -9999 -9999 -9999 -9999 -9999 -9999 -9999 -9999 -9999 -9999 -9999 -9999 -9999 -9999 -9999 -9999 -9999 -9999 -9999 -9999
74 74 74 74 74 74 75 75 75 77 77 77 77 77 77 77 77 77 77 77 77 76 51 51 59 59 59 59 59 59 58 59 59 59 59 59 49 59 49 49 49 49 49 49 62 62 62 62 46 -9999 -9999 57 57 57 57 57 57 57 -9999 -9999 48 48 -9999 -9999 -9999 -9999 -9999 -9999 -9999 -9999 -9999 -9999 -9999 -9999 -9999 -9999 -9999 -9999 -9999 -9999 -9999 -9999 -9999 -9999 -9999 -9999 -9999 -9999
74 74 74 74 74 74 75 75 75 75 75 77 77 77 77 77 77 77 77 77 51 51 51 51 51 59 59 59 51 59 58 58 59 59 59 49 49 49 49 49 49 49 49 49 62 62 62 62 -9999 -9999 -9999 57 57 -9999 -9999 -9999 -9999 57 -9999 -9999 -9999 -9999 -9999 -9999 -9999 -9999 -9999 -9999 -9999 -9999 -9999 -9999 -9999 -9999 -9999 -9999 -9999 -9999 -9999 -9999 -9999 -9999 -9999 -9999 -9999 -9999 -9999 -9999
75 75 75 75 75 75 75 75 75 75 75 77 77 77 77 77 77 77 77 77 51 51 51 51 51 51 51 51 51 58 58 58 58 59 59 49 49 49 49 49 49 49 49 49 49 62 62 62 -9999 -9999 -9999 -9999 -9999 -9999 -9999 -9999 -9999 -9999 -9999 -9999 -9999 -9999 -9999 -9999 -9999 -9999 -9999 -9999 -9999 -9999 -9999 -9999 -9999 -9999 -9999 -9999 -9999 -9999 -9999 -9999 -9999 -9999 -9999 -9999 -9999 -9999 -9999 -9999
