executables/data/chinacountyasciigrid.txt
ncols         612
nrows         378
xllcorner     73.55770111084
yllcorner     15.779999732971
cellsize      0.1
NODATA_value  -9999
[rows 74 to 110 of 378, columns 83 to 165 of 612]
-9999 -9999 -9999 -9999 -9999 -9999 -9999 2132 2132 2132 2132 2132 2132 2132 2130 2130 2130 2130 2130 2130 2130 2130 2130 2130 2130 2130 2130 2130 2130 2130 2130 2130 2130 2130 2130 2101 2101 2101 2101 2101 2101 2127 2127 2127 2127 2127 2127 2127 2127 2127 2127 2127 2127 2127 2062 2062 2062 2062 2062 2062 2062 2062 2062 2062 2062 2062 2062 2062 2062 2063 2063 2063 2063 2063 2063 2063 2063 2063 2063 2063 2063 2063 2066
-9999 -9999 -9999 -9999 -9999 -9999 2132 2132 2132 2132 2132 2132 2132 2132 2130 2130 2130 2130 2130 2130 2130 2130 2130 2130 2130 2130 2130 2130 2130 2130 2130 2130 2130 2130 2101 2101 2101 2101 2101 2101 2101 2127 2127 2127 2127 2127 2127 2127 2127 2127 2127 2127 2127 2127 2127 2062 2062 2062 2062 2062 2062 2062 2062 2062 2062 2062 2062 2062 2062 2063 2063 2063 2063 2063 2063 2063 2063 2063 2063 2063 2063 2063 2066
-9999 -9999 -9999 -9999 -9999 -9999 2132 2132 2132 2132 2132 2132 2132 2130 2130 2130 2130 2130 2130 2130 2130 2130 2130 2130 2130 2130 2130 2130 2130 2130 2130 2130 2130 2130 2101 2101 2101 2101 2101 2101 2127 2127 2127 2127 2127 2127 2127 2127 2127 2127 2127 2127 2127 2127 2127 2062 2062 2062 2062 2062 2062 2062 2062 2062 2062 2062 2062 2062 2062 2062 2063 2063 2063 2063 2063 2063 2063 2063 2063 2063 2063 2066 2066
-9999 -9999 -9999 -9999 -9999 2132 2132 2132 2132 2132 2132 2132 2130 2130 2130 2130 2130 2130 2130 2130 2130 2130 2130 2130 2130 2130 2130 2130 2130 2130 2130 2130 2130 2130 2101 2101 2101 2101 2101 2127 2127 2127 2127 2127 2127 2127 2127 2127 2127 2127 2127 2127 2127 2127 2127 2062 2062 2062 2062 2062 2062 2062 2062 2062 2062 2062 2062 2062 2062 2062 2063 2063 2063 2063 2063 2063 2063 2063 2063 2063 2063 2066 2066
-9999 -9999 -9999 -9999 -9999 2132 2132 2132 2132 2132 2130 2130 2130 2130 2130 2130 2130 2130 2130 2130 2130 2130 2130 2130 2130 2130 2130 2130 2130 2130 2130 2130 2101 2101 2101 2101 2101 2101 2127 2127 2127 2127 2127 2127 2127 2127 2127 2127 2127 2127 2127 2127 2127 2127 2127 2062 2062 2062 2062 2062 2062 2062 2062 2062 2062 2062 2062 2062 2062 2062 2063 2063 2063 2063 2063 2063 2063 2063 2063 2063 2063 2066 2066
-9999 -9999 -9999 -9999 2132 2132 2132 2132 2132 2132 2130 2130 2130 2130 2130 2130 2130 2130 2130 2130 2130 2130 2130 2130 2130 2130 2130 2130 2130 2130 2101 2101 2101 2101 2101 2101 2101 2127 2127 2127 2127 2127 2127 2127 2127 2127 2127 2127 2127 2127 2127 2127 2127 2127 2127 2062 2062 2062 2062 2062 2062 2062 2062 2062 2062 2062 2062 2062 2062 2062 2063 2063 2063 2063 2063 2063 2063 2063 2063 2063 2063 2066 2066
-9999 -9999 -9999 -9999 2132 2132 2132 2132 2132 2132 2130 2130 2130 2130 2130 2130 2130 2130 2130 2130 2130 2130 2130 2130 2130 2130 2130 2130 2130 2101 2101 2101 2101 2101 2101 2101 2127 2127 2127 2127 2127 2127 2127 2127 2127 2127 2127 2127 2127 2127 2127 2127 2127 2127 2127 2062 2062 2062 2062 2062 2062 2062 2062 2062 2062 2062 2062 2062 2062 2062 2063 2063 2063 2063 2063 2063 2063 2063 2063 2063 2063 2066 2066
-9999 -9999 -9999 -9999 -9999 -9999 -9999 2130 2130 2130 2130 2130 2130 2130 2130 2130 2130 2130 2130 2130 2130 2130 2130 2130 2130 2130 2130 2130 2101 2101 2101 2101 2101 2101 2127 2127 2127 2127 2127 2127 2127 2127 2127 2127 2127 2127 2127 2127 2127 2127 2127 2127 2127 2127 2127 2062 2062 2062 2062 2062 2062 2062 2062 2062 2062 2062 2062 2062 2062 2062 2063 2063 2063 2063 2063 2063 2063 2063 2063 2063 2066 2066 2066
-9999 -9999 -9999 -9999 -9999 -9999 -9999 -9999 2130 2130 2130 2130 2130 2130 2130 2130 2130 2130 2130 2130 2130 2130 2130 2130 2130 2130 2130 2130 2101 2101 2101 2101 2101 2101 2128 2128 2128 2128 2083 2083 2083 2083 2083 2083 2083 2083 2083 2083 2081 2081 2081 2081 2127 2127 2127 2062 2062 2062 2062 2062 2062 2062 2062 2062 2062 2062 2062 2062 2062 2063 2063 2063 2063 2063 2063 2063 2063 2063 2063 2063 2063 2066 2066
-9999 -9999 -9999 -9999 -9999 -9999 -9999 2130 2130 2130 2130 2130 2130 2130 2130 2130 2130 2130 2130 2130 2130 2130 2130 2130 2130 2130 2131 2131 2101 2101 2101 2101 2101 2101 2128 2128 2128 2128 2083 2083 2083 2083 2083 2083 2083 2083 2083 2083 2081 2081 2081 2081 2081 2079 2079 2062 2062 2062 2062 2062 2062 2062 2062 2062 2062 2062 2062 2062 2062 2063 2063 2063 2063 2063 2063 2063 2063 2063 2063 2063 2066 2066 2066
2076 2076 2076 2076 2076 2076 2076 2076 2077 2130 2130 2130 2130 2130 2130 2130 2130 2130 2130 2130 2130 2130 2130 2131 2131 2131 2131 2131 2101 2101 2101 2101 2101 2101 2128 2128 2128 2128 2083 2083 2083 2083 2083 2083 2083 2083 2083 2083 2081 2081 2081 2081 2081 2079 2079 2062 2062 2062 2062 2062 2062 2062 2062 2062 2062 2062 2062 2062 2062 2063 2063 2063 2063 2063 2063 2063 2063 2063 2063 2063 2063 2066 2066
2076 2076 2076 2076 2076 2076 2076 2077 2077 2077 2077 2077 2130 2130 2130 2130 2130 2130 2130 2130 2131 2131 2131 2131 2131 2131 2131 2131 2101 2101 2101 2101 2101 2101 2128 2128 2128 2128 2083 2083 2083 2083 2083 2083 2083 2083 2083 2083 2081 2081 2081 2081 2081 2079 2079 2062 2062 2062 2062 2062 2062 2062 2062 2062 2062 2062 2062 2062 2062 2063 2063 2063 2063 2063 2063 2063 2063 2063 2063 2063 2063 2066 2066
2076 2076 2076 2076 2076 2076 2076 2076 2077 2077 2077 2077 2077 2077 2077 2077 2077 2131 2131 2131 2131 2131 2131 2131 2131 2131 2131 2131 2101 2101 2101 2101 2101 2128 2128 2128 2128 2128 2083 2083 2083 2083 2083 2083 2083 2083 2083 2083 2081 2081 2081 2081 2081 2079 2079 2079 2079 2084 2084 2084 2084 2080 2080 2080 2080 2080 2080 2080 2080 2082 2082 2082 2082 2082 2082 2086 2086 2086 2086 2086 2086 2086 2086
2076 2076 2076 2076 2076 2076 2076 2076 2076 2077 2077 2077 2077 2077 2077 2077 2077 2077 2131 2131 2131 2131 2131 2131 2131 2131 2131 2131 2101 2101 2101 2101 2128 2128 2128 2128 2128 2128 2128 2128 2083 2083 2083 2083 2083 2083 2081 2081 2081 2081 2081 2081 2081 2079 2079 2079 2079 2084 2084 2084 2084 2080 2080 2080 2080 2080 2080 2080 2080 2082 2082 2082 2082 2082 2086 2086 2086 2086 2086 2086 2086 2086 2086
2076 2076 2076 2076 2076 2076 2076 2076 2077 2077 2077 2077 2077 2077 2077 2077 2077 2077 2077 2077 2131 2131 2131 2131 2131 2131 2131 2131 2131 2101 2092 2092 2128 2128 2128 2128 2128 2128 2128 2128 2128 2083 2083 2083 2083 2083 2081 2081 2081 2081 2081 2081 2081 2079 2079 2079 2079 2084 2084 2084 2080 2080 2080 2080 2080 2080 2080 2080 2080 2082 2082 2082 2082 2082 2086 2086 2086 2086 2086 2086 2086 2086 2086
2077 2077 2077 2077 2077 2077 2077 2077 2077 2077 2077 2077 2077 2077 2077 2077 2077 2077 2077 2077 2131 2131 2131 2131 2131 2131 2131 2131 2131 2131 2092 2092 2128 2128 2128 2128 2128 2128 2128 2128 2128 2083 2083 2083 2083 2083 2083 2081 2081 2081 2081 2081 2081 2079 2079 2079 2079 2084 2084 2084 2080 2080 2080 2080 2080 2080 2080 2080 2080 2082 2082 2082 2082 2082 2086 2086 2086 2086 2086 2086 2086 2086 2086
2077 2077 2077 2077 2077 2077 2077 2077 2077 2077 2077 2077 2077 2077 2077 2077 2077 2077 2077 2131 2131 2131 2131 2131 2131 2131 2131 2131 2131 2131 2092 2092 2092 2092 2128 2128 2128 2128 2128 2128 2128 2128 2083 2083 2083 2083 2081 2081 2081 2081 2081 2081 2081 2079 2079 2079 2079 2084 2084 2084 2080 2080 2080 2080 2080 2080 2080 2080 2080 2082 2082 2082 2082 2082 2082 2086 2086 2086 2086 2086 2086 2086 2086
2077 2077 2077 2077 2077 2077 2077 2077 2077 2077 2077 2077 2077 2077 2077 2077 2077 2131 2131 2131 2131 2131 2131 2131 2131 2131 2131 2131 2131 2092 2092 2092 2092 2128 2128 2128 2128 2128 2128 2128 2128 2128 2125 2083 2083 2083 2081 2081 2081 2081 2081 2081 2081 2079 2079 2079 2079 2084 2084 2080 2080 2080 2080 2080 2080 2080 2080 2080 2080 2082 2082 2082 2082 2082 2082 2086 2086 2086 2086 2086 2086 2086 2086
2077 2077 2077 2077 2077 2077 2077 2077 2077 2077 2077 2077 2077 2077 2077 2077 2131 2131 2131 2131 2131 2131 2131 2131 2131 2131 2131 2131 2131 2100 2100 2100 2128 2128 2128 2128 2128 2128 2128 2128 2125 2125 2125 2083 2083 2083 2081 2081 2081 2081 2081 2081 2081 2079 2079 2079 2079 2084 2084 2080 2080 2080 2080 2080 2080 2080 2080 2080 2080 2082 2082 2082 2082 2082 2082 2086 2086 2086 2086 2086 2086 2086 2086
2098 2098 2093 2093 2093 2077 2077 2077 2077 2077 2077 2077 2077 2077 2077 2077 2131 2131 2131 2131 2131 2131 2131 2131 2131 2131 2131 2131 2131 2100 2100 2131 2128 2128 2128 2128 2128 2128 2128 2128 2128 2125 2125 2083 2083 2083 2081 2081 2081 2081 2081 2081 2079 2079 2079 2079 2079 2084 2084 2080 2080 2080 2080 2080 2080 2080 2080 2080 2080 2082 2082 2082 2082 2082 2082 2086 2086 2086 2086 2086 2086 2086 2085
2098 2098 2093 2093 2093 2093 2093 2077 2077 2077 2077 2077 2077 2077 2077 2077 2131 2131 2131 2131 2131 2131 2131 2131 2131 2131 2131 2131 2131 2131 2100 2131 2128 2128 2128 2128 2128 2128 2128 2128 2128 2128 2083 2083 2083 2083 2081 2081 2081 2081 2081 2079 2079 2079 2079 2079 2079 2084 2084 2080 2080 2080 2080 2080 2080 2080 2080 2080 2080 2082 2082 2082 2082 2082 2082 2086 2086 2086 2086 2086 2086 2086 2085
2098 2098 2093 2093 2093 2093 2093 2093 2093 2093 2093 2093 2093 2093 2077 2077 2131 2131 2131 2131 2131 2131 2131 2131 2131 2131 2131 2131 2131 2131 2131 2131 2128 2128 2128 2128 2128 2128 2128 2128 2128 2083 2083 2083 2083 2083 2081 2081 2081 2081 2081 2079 2079 2079 2079 2137 2137 2084 2084 2084 2084 2080 2080 2080 2080 2080 2080 2080 2082 2082 2082 2082 2082 2082 2082 2086 2086 2086 2086 2086 2086 2086 2085
2098 2093 2093 2093 2093 2093 2093 2093 2093 2093 2093 2093 2093 2093 2093 2093 2093 2093 2093 2093 2131 2131 2131 2131 2131 2131 2131 2131 2131 2131 2131 2131 2128 2128 2128 2128 2128 2128 2128 2128 2128 2083 2083 2083 2083 2081 2081 2081 2081 2081 2079 2079 2079 2079 2137 2137 2137 2137 2137 2084 2084 2084 2080 2080 2080 2080 2080 2080 2082 2082 2082 2082 2082 2082 2086 2086 2086 2086 2086 2086 2086 2086 2085
2098 2098 2098 2093 2093 2093 2093 2093 2093 2093 2093 2093 2093 2093 2093 2093 2093 2093 2093 2093 2093 2093 2131 2131 2131 2131 2131 2131 2131 2131 2131 2131 2128 2128 2128 2128 2128 2128 2128 2083 2083 2083 2083 2083 2083 2081 2081 2081 2081 2079 2079 2079 2079 2079 2137 2137 2137 2137 2137 2137 2137 2084 2080 2080 2080 2080 2137 2082 2082 2082 2082 2082 2082 2082 2086 2086 2086 2086 2086 2086 2086 2085 2085
2098 2098 2098 2098 2093 2093 2093 2093 2093 2093 2093 2093 2093 2093 2093 2093 2093 2093 2093 2093 2093 2093 2093 2093 2131 2131 2093 2131 2131 2131 2131 2131 2128 2128 2128 2128 2128 2128 2128 2083 2083 2083 2083 2083 2081 2081 2081 2081 2081 2079 2079 2079 2079 2079 2137 2137 2136 2136 2136 2137 2137 2137 2137 2137 2137 2137 2137 2137 2137 2082 2082 2082 2082 2082 2086 2086 2086 2086 2086 2086 2086 2085 2085
2098 2098 2098 2098 2093 2093 2093 2093 2093 2093 2096 2096 2093 2096 2096 2093 2096 2093 2093 2093 2093 2093 2093 2093 2093 2093 2093 2093 2093 2131 2131 2131 2128 2128 2128 2128 2128 2128 2128 2083 2083 2083 2083 2081 2081 2081 2081 2081 2079 2079 2079 2079 2079 2137 2137 2136 2136 2136 2136 2136 2136 2137 2137 2137 2137 2137 2137 2137 2137 2137 2137 2082 2082 2082 2086 2086 2086 2086 2086 2086 2086 2085 2085
2090 2090 2090 2090 2090 2090 2096 2096 2096 2096 2093 2096 2096 2096 2096 2096 2096 2096 2096 2096 2096 2093 2093 2093 2093 2093 2093 2093 2093 2093 2131 2131 2128 2128 2128 2128 2128 2083 2083 2083 2083 2083 2083 2081 2081 2081 2079 2079 2079 2079 2079 2137 2137 2137 2137 2137 2137 2136 2136 2137 2137 2137 2137 2137 2137 2137 2137 2137 2137 2137 2137 2135 2135 2086 2086 2086 2086 2086 2086 2086 2086 2086 2086
2090 2090 2090 2090 2090 2090 2096 2096 2096 2096 2096 2096 2096 2096 2096 2096 2096 2096 2096 2096 2096 2096 2096 2096 2096 2096 2096 2068 2068 2068 2093 2068 2128 2128 2128 2128 2083 2083 2083 2068 2068 2068 2081 2068 2068 2081 2081 2079 2079 2079 2137 2137 2137 2137 2137 2137 2137 2137 2137 2137 2137 2137 2137 2137 2137 2137 2137 2137 2137 2137 2137 2135 2135 2135 2135 2135 2135 2086 2086 2133 2133 2133 2133
2090 2090 2090 2090 2090 2090 2090 2096 2096 2096 2096 2096 2096 2096 2096 2096 2096 2096 2096 2096 2096 2096 2096 2096 2096 2096 2068 2068 2068 2068 2068 2068 2068 2068 2068 2083 2083 2083 2068 2068 2068 2068 2068 2068 2081 2081 2079 2079 2079 2079 2079 2137 2137 2137 2137 2137 2137 2137 2137 2137 2137 2137 2137 2137 2137 2137 2137 2135 2135 2135 2135 2135 2135 2135 2135 2135 2135 2135 2135 2133 2133 2133 2133
2095 2095 2095 2095 2095 2095 2090 2090 2090 2090 2090 2096 2096 2096 2096 2096 2096 2096 2096 2096 2096 2096 2096 2096 2068 2068 2068 2068 2068 2068 2068 2068 2068 2068 2068 2068 2068 2068 2068 2068 2068 2068 2068 2068 2068 2081 2079 2079 2079 2079 2137 2137 2137 2137 2137 2134 2134 2134 2134 2134 2134 2134 2134 2134 2134 2137 2135 2135 2135 2135 2135 2135 2135 2135 2135 2135 2135 2135 2135 2135 2133 2133 2133
2095 2095 2095 2095 2095 2095 2090 2090 2090 2090 2090 2090 2090 2096 2096 2096 2096 2096 2068 2068 2096 2096 2068 2068 2068 2068 2068 2068 2068 2068 2068 2068 2068 2068 2068 2068 2068 2068 2068 2068 2068 2068 2068 2068 2068 2068 2068 2079 2079 2137 2137 2137 2137 2137 2134 2134 2134 2134 2134 2134 2134 2134 2134 2134 2134 2134 2134 2135 2135 2135 2135 2135 2135 2135 2135 2135 2135 2135 2135 2133 2133 2133 2133
2095 2095 2095 2095 2095 2095 2095 2090 2090 2090 2090 2090 2090 2090 2068 2068 2068 2068 2068 2068 2068 2068 2068 2068 2068 2068 2068 2068 2068 2068 2068 2068 2068 2068 2068 2068 2068 2068 2068 2068 2068 2068 2068 2068 2068 2068 2068 2068 2068 2068 2068 2068 2068 2068 2068 2068 2068 2068 2134 2134 2134 2134 2134 2134 2134 2134 2134 2134 2135 2135 2135 2135 2135 2135 2135 2135 2135 2135 2135 2133 2133 2133 2133
2095 2095 2095 2095 2095 2095 2095 2090 2068 2068 2068 2068 2068 2068 2068 2068 2068 2068 2068 2068 2068 2068 2068 2068 2068 2068 2068 2068 2068 2068 2068 2068 2068 2068 2068 2068 2068 2068 2068 2068 2068 2068 2068 2068 2068 2068 2068 2068 2068 2068 2068 2068 2068 2068 2068 2068 2068 2068 2068 2134 2134 2134 2134 2134 2134 2134 2134 2134 2134 2135 2135 2135 2135 2135 2135 2135 2135 2135 2135 2133 2133 2133 2133
2095 2095 2095 2095 2095 2095 2095 2095 2068 2068 2068 2068 2068 2068 2068 2068 2068 2068 2068 2068 2068 2068 2068 2068 2068 2068 2068 2068 2068 2068 2068 2068 2068 2068 2068 2068 2068 2068 2068 2068 2068 2068 2068 2068 2068 2068 2068 2068 2068 2068 2068 2068 2068 2068 2068 2068 2068 2068 2068 2068 2134 2134 2134 2134 2134 2134 2134 2134 2134 2134 2135 2135 2135 2135 2135 2135 2135 2135 2133 2133 2133 2133 2133
2095 2095 2095 2095 2095 2095 2095 2095 2095 2068 2068 2068 2068 2068 2068 2068 2068 2068 2068 2068 2068 2068 2068 2068 2068 2068 2068 2068 2068 2068 2068 2068 2068 2068 2068 2068 2068 2068 2068 2068 2068 2068 2068 2068 2068 2068 2068 2068 2068 2068 2068 2069 2069 2069 2069 2069 2069 2069 2069 2069 2134 2134 2134 2134 2134 2134 2134 2134 2134 2134 2135 2135 2135 2135 2135 2135 2135 2133 2133 2133 2133 2133 2133
2095 2095 2095 2095 2095 2095 2095 2095 2095 2053 2068 2068 2068 2068 2068 2068 2068 2068 2068 2068 2068 2068 2068 2068 2068 2068 2068 2068 2068 2068 2068 2068 2068 2068 2068 2068 2068 2068 2068 2068 2068 2068 2068 2068 2068 2068 2068 2068 2068 2068 2068 2068 2069 2069 2069 2069 2069 2069 2069 2069 2069 2134 2134 2134 2134 2134 2134 2134 2134 2135 2135 2135 2135 2135 2135 2135 2135 2135 2133 2133 2133 2133 2133
2095 2095 2095 2095 2095 2053 2053 2053 2053 2053 2053 2055 2055 2055 2055 2068 2068 2068 2055 2068 2068 2068 2068 2068 2068 2068 2068 2068 2068 2068 2068 2068 2068 2068 2068 2068 2068 2068 2068 2068 2068 2068 2068 2068 2068 2068 2068 2068 2068 2068 2068 2069 2069 2069 2069 2069 2069 2069 2069 2069 2069 2069 2069 2069 2134 2134 2134 2134 2134 2135 2135 2135 2135 2135 2135 2135 2135 2135 2133 2133 2133 2133 2133
