executables/data/chinaprefectureasciigrid.txt
ncols         612
nrows         378
xllcorner     73.55770111084
yllcorner     15.779999732971
cellsize      0.1
NODATA_value  -9999
[rows 234 to 272 of 378, columns 264 to 351 of 612]
278 278 278 278 278 278 278 278 278 278 278 278 278 278 278 278 278 278 278 278 278 278 278 292 292 292 292 292 292 292 292 292 292 292 275 284 284 284 284 284 284 284 284 284 295 295 295 295 295 295 295 295 295 295 295 295 19 19 19 19 19 19 19 19 19 19 19 279 279 279 279 279 19 19 19 19 19 19 19 19 19 19 19 19 19 19 132 132
278 278 278 278 278 278 278 278 278 278 278 278 278 278 278 278 278 278 278 278 278 278 278 292 292 292 292 292 292 292 292 292 292 284 284 284 284 284 284 284 284 284 284 284 284 287 295 295 295 295 295 295 295 295 295 295 295 295 19 19 19 19 19 19 19 19 19 19 279 19 19 19 19 19 19 19 19 19 19 19 19 19 19 19 19 19 132 132
278 278 278 278 278 278 278 278 278 278 278 278 278 278 278 278 278 278 278 278 278 278 278 292 292 292 292 292 292 292 292 292 284 284 284 284 284 284 284 284 284 284 284 284 284 287 287 287 295 295 287 295 295 295 295 295 295 295 19 19 19 19 19 19 19 19 19 19 19 19 19 19 19 19 19 19 19 19 19 19 19 19 19 19 19 19 132 132
278 278 278 278 278 278 278 278 278 278 278 278 278 278 278 278 278 278 278 278 278 278 278 278 292 292 292 292 292 292 292 292 284 284 284 281 281 281 284 284 284 284 284 284 284 287 287 287 287 287 287 287 288 295 295 295 19 19 19 19 19 19 19 19 19 19 19 19 19 19 19 19 19 19 19 19 19 19 19 19 19 19 19 19 132 132 19 132
278 278 278 278 278 278 278 278 278 278 278 278 278 278 278 278 278 278 278 278 278 278 278 278 292 292 292 292 292 292 292 292 284 281 281 281 281 284 284 281 284 284 284 284 288 288 288 287 287 287 287 288 288 288 295 295 19 19 19 19 19 19 19 19 19 19 19 19 19 19 19 19 19 19 19 19 19 19 19 19 19 19 19 19 19 132 19 132
278 278 278 278 278 278 278 278 278 278 278 278 278 278 278 278 278 278 278 278 278 278 278 292 292 292 292 292 292 292 284 284 284 284 281 281 281 281 281 281 284 284 284 288 288 288 288 287 287 287 288 288 288 288 19 19 19 19 19 19 19 19 19 19 19 19 19 19 19 19 19 19 19 19 19 19 19 19 19 19 19 19 19 19 19 19 19 19
278 278 278 278 278 278 278 278 278 278 278 278 278 278 278 278 278 278 278 278 278 278 278 292 292 292 292 292 292 284 284 284 284 281 281 281 281 281 281 281 284 284 294 294 294 294 288 288 288 288 288 288 288 19 19 19 19 19 19 19 19 19 19 19 19 19 19 19 19 19 19 19 19 19 19 19 19 19 19 19 19 19 19 19 19 19 19 19
278 278 278 278 278 278 278 278 278 278 278 278 278 278 278 278 278 278 278 278 292 292 292 292 292 292 292 292 292 284 281 281 281 281 281 281 281 281 281 281 281 294 294 294 294 294 294 288 294 294 294 287 287 287 19 19 19 19 19 19 19 19 19 19 19 19 19 19 19 19 19 19 19 19 19 19 19 19 19 19 19 19 19 19 19 19 19 19
278 278 278 278 278 278 278 278 278 278 278 278 278 278 278 278 278 278 278 278 292 292 292 292 292 292 292 292 292 292 281 281 281 281 281 281 281 281 281 281 281 294 294 294 294 294 294 294 294 294 294 287 287 287 287 19 19 19 19 19 19 19 19 19 19 19 19 19 19 19 19 19 19 19 19 19 19 19 19 19 19 19 19 19 19 19 19 19
278 278 278 278 278 278 278 278 278 278 278 278 278 278 278 278 278 278 278 278 278 278 292 292 292 292 292 292 282 282 281 281 281 281 281 281 281 281 281 281 281 281 294 293 293 294 294 294 294 294 294 294 287 283 283 283 283 19 19 19 19 19 19 19 19 19 19 19 19 19 19 19 19 19 19 19 19 19 19 19 19 19 19 19 19 19 19 19
278 278 278 278 278 278 278 278 278 282 278 282 278 278 278 278 278 278 278 278 278 278 292 292 292 292 282 282 282 282 281 281 281 281 281 281 281 281 281 281 281 281 293 293 293 293 293 294 294 294 294 294 294 283 283 283 283 283 19 19 19 19 19 19 19 19 19 19 19 19 19 19 19 19 19 86 86 86 19 19 19 19 19 19 19 19 19 19
278 278 278 278 278 278 278 278 278 282 282 282 278 278 278 278 278 278 278 278 278 278 292 292 292 282 282 282 282 281 281 281 281 281 281 281 281 281 281 281 281 281 293 293 293 293 293 294 294 293 294 294 283 283 283 283 283 283 19 19 19 19 19 19 19 19 19 19 19 19 19 19 19 19 86 86 86 86 86 19 19 85 85 19 19 19 19 19
278 278 278 278 278 278 282 282 282 282 282 282 278 278 278 278 278 278 278 278 278 282 282 292 292 282 282 282 282 282 281 281 281 281 281 281 281 281 281 281 281 293 293 293 293 293 293 293 293 293 293 293 283 283 283 283 283 283 283 19 283 19 19 19 19 19 19 19 19 19 19 19 19 19 19 86 86 86 86 86 86 86 85 85 19 19 19 19
278 278 278 278 278 278 282 282 282 282 282 282 278 278 278 278 278 278 278 278 282 282 282 282 282 282 282 282 282 282 281 281 281 281 281 281 281 281 293 281 293 293 293 293 293 293 293 293 293 293 293 293 293 283 283 283 283 283 283 283 283 283 283 19 19 19 19 19 19 19 86 86 86 19 86 86 86 86 86 86 86 86 85 85 19 19 19 19
278 278 278 278 278 278 282 282 282 282 282 282 278 278 278 278 278 278 278 278 278 282 282 282 282 282 282 282 282 282 281 282 282 282 281 281 281 281 293 293 293 293 293 293 293 293 293 293 293 293 293 293 283 283 283 283 283 283 283 283 86 283 283 19 19 86 19 19 19 86 86 86 86 86 86 86 86 86 86 86 86 86 85 85 19 19 19 19
278 278 278 278 278 278 282 282 282 282 282 282 282 282 282 278 278 278 278 278 282 282 282 282 282 282 282 282 282 282 282 282 282 281 281 281 281 293 293 293 293 293 334 293 334 293 293 293 293 293 293 293 283 283 283 283 283 283 283 86 86 86 283 283 19 86 86 19 19 86 86 86 86 86 86 86 86 86 86 86 86 86 85 85 85 85 85 19
278 278 278 278 278 282 282 282 282 282 282 282 282 282 282 282 282 278 282 282 282 282 282 282 282 282 282 282 282 282 282 282 282 281 281 282 282 293 334 334 334 334 334 293 293 293 293 293 293 293 293 293 293 283 283 283 283 86 86 86 86 86 86 283 86 86 19 19 86 86 86 86 86 86 86 86 86 86 86 86 86 85 85 85 85 85 19 19
323 278 278 278 278 282 282 282 282 282 282 282 282 282 282 278 278 278 282 282 282 282 282 282 282 282 282 282 282 282 282 282 282 282 282 282 282 282 282 334 334 334 334 293 293 293 293 293 293 293 293 293 293 293 283 283 283 86 86 86 86 86 86 86 86 86 86 86 86 86 86 86 86 86 86 86 86 86 86 86 86 85 85 85 85 85 19 85
323 323 278 278 282 282 282 282 282 282 282 282 282 282 282 278 282 282 282 282 282 282 282 282 282 282 282 282 282 282 282 282 282 282 282 282 282 282 282 334 334 334 334 293 293 293 293 293 293 293 293 293 293 293 283 283 283 86 86 86 86 86 86 86 86 86 86 86 86 86 86 86 86 86 86 86 86 86 86 85 85 85 85 85 85 85 85 85
323 323 278 278 282 282 282 282 282 282 282 282 282 282 282 282 282 282 282 282 282 282 282 282 282 282 282 282 282 282 282 282 282 282 282 282 334 282 334 334 334 334 334 334 334 293 293 293 293 293 293 293 293 293 283 283 283 283 283 86 86 86 86 86 86 86 86 86 86 86 86 86 86 86 86 86 86 86 86 85 85 85 85 85 85 85 85 85
323 278 278 278 282 282 282 282 282 282 282 282 282 282 282 282 282 282 282 282 282 282 282 282 282 282 282 282 282 282 282 282 282 282 282 334 334 334 334 334 334 334 334 334 334 293 293 293 293 293 293 293 293 283 283 283 283 283 283 283 86 283 86 86 86 86 86 86 86 86 86 86 86 86 86 86 86 86 85 85 85 85 85 85 85 85 85 85
323 282 278 278 278 282 282 282 282 282 282 282 282 282 282 282 282 282 282 282 282 282 282 282 282 282 282 282 282 282 282 282 282 282 282 334 334 334 334 334 334 334 334 334 293 293 293 293 293 293 334 334 283 283 283 283 283 283 283 283 283 283 283 86 86 86 86 86 86 86 86 86 86 86 86 86 86 86 86 85 85 85 85 85 85 85 85 85
323 323 282 282 282 282 282 282 282 282 282 282 282 282 282 282 282 282 282 282 282 282 282 282 282 282 282 282 282 282 282 282 282 282 282 282 334 334 334 334 334 334 334 334 334 293 293 293 293 334 334 334 334 283 283 283 283 283 283 283 283 283 283 86 86 86 86 86 86 86 86 86 86 86 86 86 86 86 86 86 85 85 85 85 85 85 85 85
323 323 323 282 282 326 326 326 282 282 282 282 282 282 282 282 282 282 282 282 282 282 282 282 282 282 282 282 282 282 282 282 282 282 282 334 334 334 334 334 334 334 334 334 334 334 334 334 334 334 334 334 334 283 283 283 283 283 283 283 283 283 283 283 86 86 86 86 86 86 86 86 86 86 86 86 86 86 86 85 85 85 85 85 85 85 85 85
323 323 323 326 326 326 326 326 282 282 282 282 282 282 282 282 282 282 282 282 282 282 282 282 282 282 282 282 282 282 282 282 282 282 334 334 334 334 334 334 334 334 334 334 334 334 334 334 334 334 334 334 334 283 79 79 283 283 283 79 86 86 86 86 86 86 86 86 86 86 86 86 86 86 86 86 86 86 86 86 85 85 85 85 85 85 85 85
323 323 323 326 326 326 326 326 326 282 282 282 282 282 282 282 282 282 282 282 282 282 282 282 282 282 282 282 282 282 282 282 282 334 334 334 334 334 334 334 334 334 334 334 334 334 334 334 334 334 334 334 334 79 79 79 79 79 79 79 79 79 86 86 86 86 86 86 86 86 86 86 86 86 86 86 86 86 86 85 85 85 85 85 85 85 85 85
323 323 323 326 326 326 326 326 326 282 282 282 282 282 282 282 282 282 282 282 282 282 282 282 282 282 282 282 282 282 282 282 334 334 334 334 334 334 334 334 334 334 334 334 334 334 334 334 334 334 334 334 334 79 79 79 79 79 79 79 79 79 79 79 86 86 79 86 86 86 86 86 86 86 86 86 86 86 86 85 85 85 85 85 85 85 85 85
323 323 323 326 326 326 326 326 326 326 282 282 282 282 282 282 282 282 282 282 282 282 282 282 282 282 282 282 282 282 282 282 334 334 334 334 334 334 334 334 79 334 334 334 79 334 334 334 334 334 334 334 334 79 79 79 79 79 79 79 79 79 79 79 79 79 79 86 86 86 86 86 86 83 86 86 86 86 85 85 85 85 85 85 85 85 82 82
323 323 323 326 326 326 326 326 326 326 326 282 282 282 282 282 290 282 282 282 282 282 282 282 282 282 282 282 282 334 334 334 334 334 334 334 334 334 334 79 79 79 334 79 79 79 334 79 79 334 79 79 79 79 79 79 79 79 79 79 79 79 79 79 79 79 79 86 86 86 80 80 83 83 83 86 86 86 86 86 85 85 82 82 82 82 82 82
323 323 326 326 326 326 326 326 326 326 326 282 282 282 282 282 290 282 282 282 282 282 282 282 282 282 282 282 282 334 334 334 334 334 334 334 334 334 79 79 79 79 79 79 79 79 79 79 79 79 79 79 79 79 79 79 79 79 79 79 79 79 79 79 79 79 80 80 80 80 80 80 80 83 83 86 83 82 86 86 82 82 82 82 82 82 82 82
323 326 326 326 326 326 326 326 326 326 326 326 290 290 290 290 290 290 282 290 282 290 282 282 282 282 282 282 282 334 334 334 334 334 334 334 334 79 79 79 79 79 79 79 79 79 79 79 79 79 79 79 79 79 79 79 79 79 79 79 79 79 79 79 80 80 80 80 80 80 80 80 83 83 83 83 83 82 82 82 82 82 82 82 82 82 82 82
323 326 326 326 326 326 326 326 326 326 326 326 290 290 290 290 290 290 290 290 290 290 290 282 282 282 282 282 282 334 334 334 334 334 334 334 334 330 79 79 79 79 79 79 79 79 79 79 79 79 79 79 79 79 79 79 79 79 79 79 79 79 79 79 79 80 80 80 80 80 80 80 83 83 83 83 83 82 82 82 82 82 82 82 82 82 82 82
323 326 326 326 326 326 326 326 326 326 326 326 326 290 290 290 290 290 290 290 290 290 290 282 282 282 282 282 282 334 334 334 334 334 334 330 330 330 79 79 79 79 79 79 79 79 79 79 79 79 79 79 79 79 79 79 79 79 79 79 79 79 79 79 80 80 80 80 80 80 80 80 80 83 83 83 83 82 82 82 82 82 82 82 82 82 82 82
326 326 326 326 326 326 326 326 326 326 326 326 326 326 290 290 290 290 290 290 290 290 282 282 282 282 282 282 282 282 334 334 334 334 330 330 330 79 79 79 79 79 79 79 79 79 79 79 81 81 79 79 79 79 79 79 79 79 79 79 79 79 80 80 80 80 80 80 80 80 80 80 80 83 83 83 83 83 82 82 82 82 82 82 82 82 82 82
326 326 326 326 326 326 326 326 326 326 326 326 326 326 290 290 290 290 290 290 290 290 282 282 282 282 282 282 282 282 334 334 334 334 330 330 330 330 79 79 79 79 79 79 79 79 79 79 81 81 81 79 79 79 79 79 79 79 79 79 79 79 80 80 80 80 80 80 80 80 83 83 83 83 83 83 83 82 82 82 82 82 82 82 82 82 82 82
326 326 321 326 326 326 326 326 326 326 326 326 326 326 326 290 290 290 290 290 290 282 282 282 282 282 282 282 282 282 282 330 334 330 330 330 330 330 79 79 79 79 79 79 330 79 79 79 81 81 81 79 79 79 79 79 79 79 79 79 79 79 80 80 80 80 80 80 80 83 83 83 83 83 83 83 83 83 82 82 82 82 82 82 82 82 82 82
321 321 321 321 321 326 326 326 326 326 326 326 326 326 326 290 290 290 290 290 290 282 282 282 282 282 282 282 282 282 282 330 330 330 330 330 330 330 330 79 79 330 330 330 330 330 81 81 81 81 81 81 81 81 79 79 79 79 79 79 79 79 78 78 80 80 80 80 80 83 83 83 83 83 82 82 82 82 82 82 82 82 82 82 82 82 82 82
321 321 321 321 321 326 326 326 326 326 326 326 326 326 326 320 290 290 290 290 282 282 282 282 282 282 282 282 282 282 325 330 330 330 330 330 330 330 330 330 330 330 330 330 330 330 330 81 81 81 81 81 81 81 81 81 79 78 78 78 78 78 78 78 78 80 80 80 83 83 83 83 83 83 82 82 82 82 82 82 82 82 82 82 82 82 82 82
321 321 321 321 321 326 326 326 326 326 326 320 320 320 320 320 320 290 290 290 282 282 282 282 282 325 325 282 282 325 325 330 330 330 330 330 330 330 330 330 330 330 330 330 330 330 330 81 81 81 81 81 81 81 81 78 78 78 78 78 78 78 78 78 78 78 80 80 83 83 83 83 83 83 83 83 83 82 82 82 82 82 82 82 82 82 82 82
