executables/data/chinacountyasciigrid.txt
ncols         612
nrows         378
xllcorner     73.55770111084
yllcorner     15.779999732971
cellsize      0.1
NODATA_value  -9999
[rows 148 to 184 of 378, columns 332 to 414 of 612]
1439 1439 1439 1440 1440 1440 1440 1440 1440 1439 1439 1439 1440 1440 1440 1440 1440 1441 1441 1441 1441 1441 1441 1441 1441 1441 1638 1638 1638 1638 1635 1635 1635 1635 1635 1635 1635 1635 1635 1635 1635 1629 1844 1844 1844 1850 1850 1850 1850 1850 1850 1851 1851 1851 1851 1851 1851 1857 1857 1857 1857 1857 1857 1854 1854 1854 1854 1854 1854 1854 656 565 565 565 565 565 565 572 572 572 574 574 574
1439 1439 1439 1439 1439 1439 1439 1439 1439 1439 1439 1439 1440 1440 1440 1440 1440 1441 1441 1441 1441 1441 1441 1441 1441 1441 1638 1638 1638 1638 1635 1635 1635 1635 1635 1635 1635 1635 1635 1635 1635 1831 1831 1831 1831 1850 1850 1850 1850 1850 1850 1851 1851 1851 1849 1851 1856 1856 1857 1857 1846 1846 1857 1854 1854 1854 1854 1854 656 656 656 654 654 654 661 661 661 661 572 572 572 563 563
1439 1439 1439 1439 1439 1439 1439 1439 1439 1439 1439 1439 1439 1439 1440 1440 1440 1441 1441 1441 1441 1441 1441 1441 1638 1638 1638 1638 1638 1638 1638 1638 1638 1638 1635 1635 1635 1635 1635 1635 1635 1831 1831 1831 1831 1831 1824 1850 1824 1824 1849 1849 1849 1849 1849 1849 1856 1856 1856 1856 1856 1846 1846 1846 1846 1854 1854 1854 656 656 656 656 654 654 654 654 661 661 661 572 572 563 563
1439 1439 1439 1439 1439 1439 1439 1439 1439 1439 1439 1439 1439 1439 1439 1439 1439 1441 1441 1441 1441 1441 1441 1638 1638 1638 1638 1638 1638 1638 1638 1638 1638 1638 1638 1638 1635 1635 1635 1635 1831 1831 1831 1831 1831 1831 1824 1824 1824 1824 1849 1849 1849 1849 1849 1849 1856 1856 1856 1856 1856 1846 1846 1846 1846 1860 1860 1860 656 656 656 656 656 656 654 654 661 661 661 662 662 563 563
1439 1439 1439 1439 1439 1439 1439 1439 1439 1439 1439 1439 1439 1439 1439 1439 1439 1441 1441 1441 1441 1441 1638 1638 1638 1638 1638 1638 1638 1638 1638 1638 1638 1638 1631 1631 1631 1635 1635 1831 1831 1831 1831 1831 1831 1831 1831 1824 1824 1824 1824 1849 1849 1849 1849 1856 1856 1856 1856 1856 1856 1856 1843 1843 1860 1860 1860 1860 656 656 656 656 656 656 656 654 654 666 662 662 662 662 563
1439 1439 1439 1439 1439 1439 1439 1439 1439 1439 1439 1439 1439 1439 1439 1439 1439 1441 1441 1441 1441 1441 1638 1638 1638 1638 1638 1638 1638 1630 1638 1638 1638 1631 1631 1631 1631 1635 1831 1831 1831 1831 1831 1831 1831 1831 1824 1824 1824 1824 1849 1849 1849 1849 1849 1843 1843 1843 1856 1843 1843 1843 1860 1860 1860 1860 1860 1860 656 656 656 656 656 656 656 651 666 666 666 649 649 660 660
1494 1492 1439 1492 1439 1439 1439 1439 1439 1439 1439 1439 1439 1439 1439 1439 1439 1441 1441 1441 1441 1441 1638 1638 1638 1638 1630 1630 1630 1630 1638 1638 1638 1631 1631 1631 1631 1631 1825 1825 1825 1825 1825 1825 1825 1820 1820 1824 1824 1840 1840 1840 1839 1839 1839 1843 1843 1843 1843 1843 1843 1843 1860 1860 1860 1860 1860 1860 1860 1860 1860 653 653 653 653 651 651 658 666 649 660 660 660
1492 1492 1492 1492 1492 1492 1439 1439 1439 1439 1439 1439 1439 1439 1439 1439 1441 1441 1441 1441 1441 1441 1441 1630 1630 1630 1630 1630 1630 1630 1638 1638 1638 1638 1631 1631 1631 1825 1825 1825 1825 1825 1825 1825 1825 1820 1820 1820 1840 1840 1840 1840 1840 1839 1839 1843 1843 1842 1843 1843 1843 1843 1843 1797 1797 1860 1860 1859 1859 1858 1858 653 653 653 653 651 658 658 666 649 649 649 652
1494 1492 1492 1492 1492 1492 1492 1439 1439 1439 1439 1439 1439 1439 1439 1439 1441 1441 1441 1441 1632 1632 1630 1630 1630 1630 1630 1630 1630 1630 1630 1630 1630 1633 1633 1633 1631 1631 1825 1825 1825 1825 1825 1825 1825 1820 1820 1820 1840 1840 1840 1840 1840 1839 1839 1842 1842 1842 1842 1842 1797 1797 1797 1797 1797 1797 1859 1859 1859 1858 1858 1858 653 653 653 651 651 655 655 655 649 649 652
1494 1492 1492 1492 1492 1492 1492 1492 1492 1628 1628 1439 1439 1439 1439 1439 1441 1441 1441 1441 1632 1632 1632 1630 1630 1630 1630 1630 1630 1630 1630 1633 1633 1633 1633 1633 1633 1631 1631 1825 1825 1825 1825 1825 1820 1820 1820 1829 1822 1822 1839 1839 1839 1839 1839 1842 1842 1842 1842 1800 1800 1797 1797 1797 1797 1797 1859 1859 1859 1858 1858 1858 653 653 663 663 663 663 655 655 665 665 665
1492 1492 1492 1492 1492 1492 1492 1628 1628 1628 1628 1628 1439 1439 1439 1439 1439 1441 1441 1441 1632 1632 1632 1630 1630 1630 1630 1630 1630 1630 1639 1639 1633 1633 1633 1633 1633 1636 1631 1631 1825 1825 1826 1825 1820 1820 1820 1829 1829 1822 1822 1822 1839 1839 1839 1841 1842 1842 1842 1800 1800 1800 1797 1797 1797 1797 1797 1858 1858 1858 1858 1858 653 653 664 664 664 663 663 665 665 665 687
1492 1492 1492 1492 1492 1492 1628 1628 1628 1628 1628 1628 1628 1628 1628 1632 1632 1632 1632 1632 1632 1632 1632 1632 1630 1630 1630 1630 1630 1639 1639 1639 1639 1636 1636 1636 1636 1636 1637 1637 1825 1825 1826 1826 1820 1826 1826 1826 1829 1829 1829 1822 1822 1822 1841 1841 1842 1842 1800 1800 1800 1800 1797 1797 1797 1797 1799 1799 1799 1799 1799 1799 1799 1799 664 664 664 664 650 650 687 687 687
1492 1492 1492 1492 1492 1492 1628 1628 1628 1628 1628 1628 1628 1628 1628 1628 1632 1632 1632 1632 1632 1632 1632 1632 1632 1630 1630 1630 1639 1639 1639 1639 1639 1639 1636 1636 1636 1636 1636 1637 1827 1827 1827 1826 1826 1826 1826 1826 1829 1829 1829 1829 1829 1822 1822 1841 1841 1841 1841 1798 1800 1800 1800 1792 1792 1792 1799 1799 1799 1799 1799 1799 1799 664 664 664 681 681 678 678 687 687 687
1492 1492 1492 1492 1492 1628 1628 1628 1628 1628 1628 1628 1628 1628 1628 1628 1632 1632 1632 1632 1632 1632 1632 1632 1632 1630 1627 1627 1639 1627 1639 1639 1639 1639 1636 1636 1636 1636 1636 1827 1827 1827 1827 1832 1832 1826 1826 1826 1821 1821 1821 1829 1829 1829 1822 1796 1796 1798 1798 1798 1798 1798 1800 1792 1792 1792 1792 1792 1792 1799 1799 1799 1799 681 681 681 681 681 681 678 683 683 687
1492 1492 1492 1492 1492 1628 1628 1628 1628 1628 1628 1628 1628 1628 1628 1621 1621 1632 1632 1632 1632 1632 1632 1632 1632 1627 1627 1627 1627 1627 1639 1639 1639 1634 1634 1634 1636 1636 1636 1827 1827 1827 1827 1832 1832 1832 1832 1821 1821 1821 1821 1821 1821 1829 1829 1796 1796 1796 1798 1798 1798 1801 1801 1801 1792 1792 1792 1792 1792 1792 1792 1792 694 686 686 686 686 686 683 683 683 683 680
1492 1492 1492 1492 1492 1628 1628 1628 1628 1628 1621 1628 1628 1628 1628 1621 1621 1621 1632 1632 1632 1615 1615 1615 1615 1627 1627 1627 1627 1627 1627 1627 1627 1634 1634 1634 1634 1634 1634 1827 1827 1827 1832 1832 1832 1832 1830 1830 1821 1821 1821 1821 1795 1795 1795 1795 1796 1796 1796 1801 1801 1801 1801 1801 1792 1802 1792 1792 1792 1792 1792 694 694 694 694 694 686 686 683 683 690 680 680
248 248 1492 1492 1492 1492 1628 1628 1628 1621 1621 1628 1628 1621 1621 1621 1621 1621 1632 1632 1626 1626 1615 1615 1615 1615 1627 1627 1627 1627 1627 1627 1627 1634 1634 1634 1634 1634 1828 1828 1828 1832 1832 1832 1832 1832 1823 1830 1830 1830 1830 1830 1793 1793 1795 1795 1795 1796 1796 1801 1801 1801 1801 1801 1802 1802 1802 1802 1792 1792 694 694 694 694 694 694 694 694 694 690 690 688 688
248 248 248 248 248 1628 1628 1628 1628 1621 1621 1621 1621 1621 1621 1621 1621 1621 1632 1632 1632 1626 1615 1615 1615 1615 1615 1627 1627 1627 1627 1624 1624 1634 1634 1634 1634 1828 1828 1828 1828 1828 1828 1823 1823 1823 1823 1830 1830 1830 1830 1793 1793 1793 1795 1795 1795 1776 1776 1776 1801 1801 1801 1801 1802 1802 1802 1802 1802 1802 694 691 694 694 691 694 694 693 694 685 685 688 688
248 248 248 248 248 1628 1628 1628 1628 1628 1621 1621 1621 1621 1621 1621 1621 1626 1626 1626 1626 1626 1626 1615 1615 1615 1615 1622 1622 1624 1624 1624 1624 1624 1624 1624 1624 1828 1828 1819 1828 1828 1828 1823 1823 1823 1823 1823 1794 1794 1794 1793 1793 1774 1774 1774 1774 1773 1773 1776 1776 1801 1801 1801 1776 1776 1802 1802 1802 1802 622 622 691 691 691 691 691 691 691 685 616 616 619
248 248 248 248 248 248 248 247 1628 1621 1621 1621 1621 1621 1621 1626 1626 1626 1626 1626 1626 1626 1615 1615 1615 1615 1615 1622 1622 1622 1622 1624 1624 1624 1624 1624 1819 1819 1819 1819 1819 1815 1815 1815 1823 1823 1794 1794 1794 1794 1794 1794 1774 1774 1774 1774 1774 1774 1773 1773 1776 1776 1776 1776 1776 1776 1770 1802 1802 620 622 622 622 622 622 622 623 691 623 623 616 616 619
248 248 248 248 248 248 248 248 248 247 247 247 1621 1621 1621 1626 1626 1626 1626 1626 1626 1626 1615 1615 1615 1615 1615 1622 1622 1622 1622 1623 1623 1623 1624 1624 1624 1819 1819 1819 1815 1815 1815 1815 1815 1805 1805 1805 1794 1794 1794 1794 1774 1774 1774 1774 1774 1773 1773 1773 1773 1777 1776 1776 1776 1770 1770 620 620 620 620 622 622 622 622 622 623 623 623 623 623 619 619
248 248 248 248 248 248 248 248 248 247 247 247 1621 1621 247 1626 1626 1626 1626 1626 1626 1615 1615 1615 1615 1622 1622 1622 1622 1622 1623 1623 1623 1623 1623 1623 1623 1819 1819 1819 1815 1815 1815 1815 1815 1805 1805 1805 1805 1810 1810 1810 1810 1774 1774 1774 1774 1774 1773 1773 1777 1777 1777 1777 1777 1770 1770 1770 620 620 620 622 622 622 622 622 615 614 615 623 610 610 619
248 248 248 248 248 248 248 248 248 247 247 247 247 247 247 247 1626 1626 1626 1626 1626 1617 1617 1617 1615 1622 1622 1622 1622 1623 1623 1623 1623 1623 1623 1623 1623 1804 1819 1804 1804 1815 1813 1813 1813 1813 1805 1805 1805 1810 1810 1810 1807 1807 1774 1774 1774 1773 1773 1773 1777 1777 1777 1777 1770 1770 1770 1770 620 620 620 620 622 611 611 608 608 615 615 610 610 610 612
248 248 248 248 248 248 248 248 248 247 247 247 247 247 247 247 247 247 246 1626 1617 1617 1617 1617 1617 1617 1617 1622 1622 1622 1622 1622 1623 1623 1623 1623 1623 1804 1804 1804 1804 1813 1813 1813 1813 1813 1808 1808 1808 1808 1808 1807 1807 1803 1774 1774 1774 1775 1775 1775 1775 1777 1771 1771 1771 1771 1770 1772 1772 620 620 620 608 611 611 608 608 607 607 607 607 612 609
248 248 248 248 248 248 248 248 248 247 247 247 247 247 247 247 247 247 246 1616 1616 1617 1617 1617 1617 1617 1617 1617 1622 1622 1622 1622 1622 1625 1625 1623 1623 1811 1804 1804 1804 1804 1813 1813 1813 1813 1808 1808 1808 1808 1808 1807 1803 1803 1803 1803 1803 1775 1775 1775 1775 1775 1775 1767 1771 1771 1771 1772 1772 1772 798 798 796 608 608 608 608 617 617 617 621 621 621
248 253 248 248 248 248 248 250 250 250 247 247 247 247 247 247 247 246 246 1616 1616 1616 1617 1617 1617 1617 1617 1617 1622 1622 1622 1625 1625 1625 1625 1625 1625 1811 1811 1811 1811 1811 1811 1813 1813 1812 1812 1808 1808 1808 1808 1807 1807 1807 1803 1803 1803 1803 1775 1775 1778 1778 1775 1767 1772 1772 1772 1772 1772 798 798 798 796 796 796 796 617 617 617 617 621 621 621
1482 253 253 248 248 248 250 250 250 250 250 250 250 246 246 246 246 246 246 1616 1616 1616 1616 1616 1616 1617 1616 1616 1616 1625 1625 1625 1625 1625 1625 1625 1625 1811 1811 1811 1811 1811 1811 1817 1812 1812 1812 1812 1812 1808 1808 1807 1807 1807 1803 1803 1803 1803 1778 1778 1778 1778 1768 1767 1769 1769 1772 1772 1772 798 798 798 796 796 796 795 796 796 617 796 621 621 621
1482 1482 253 253 253 250 250 250 250 250 250 250 250 246 246 246 246 246 246 1616 1616 1616 1616 1616 1616 1616 1616 1616 1620 1620 1625 1625 1619 1625 1625 1625 1625 1811 1811 1811 1817 1817 1817 1817 1817 1816 1816 1812 1812 1812 1806 1806 1806 1803 1803 1803 1803 1803 1790 1778 1778 1778 1768 1768 1769 1769 1772 1772 1772 798 798 798 796 796 795 796 796 796 796 796 799 799 856
1482 1482 253 253 253 253 253 250 250 250 250 250 246 246 246 246 246 246 1616 1616 1616 1616 1616 1616 1616 1616 1616 1620 1620 1620 1619 1619 1619 1625 1625 1625 1625 1811 1811 1817 1817 1817 1817 1817 1817 1816 1816 1816 1816 1806 1806 1806 1806 1806 1803 1803 1803 1790 1790 1790 1787 1778 1787 1768 1769 1769 1769 1769 1769 798 798 798 798 801 801 800 800 800 800 799 799 799 856
1482 1482 253 253 253 253 253 250 251 250 250 246 246 246 246 246 249 249 1616 1616 1616 1616 1616 1616 1616 1616 1620 1620 1620 1619 1619 1619 1619 1619 1625 1625 1625 1588 1817 1817 1817 1817 1817 1817 1816 1816 1816 1816 1818 1818 1806 1818 1818 1806 1790 1790 1790 1790 1790 1790 1787 1787 1787 1787 1789 1789 1789 1789 1769 798 798 798 798 801 801 800 800 800 799 799 799 799 856
1482 253 253 253 253 253 253 251 251 251 251 246 246 246 249 249 249 249 1618 1618 1618 1618 1618 1618 1618 1618 1620 1620 1620 1620 1619 1619 1619 1619 1619 1588 1588 1588 1861 1861 1817 1817 1863 1870 1816 1816 1814 1814 1814 1818 1818 1818 1818 1790 1790 1790 1790 1790 1790 1790 1787 1787 1787 1787 1789 1789 1789 1789 876 876 798 798 802 802 802 803 803 803 803 803 799 854 854
244 253 253 253 253 253 253 253 251 251 251 249 249 249 249 249 249 249 1618 1618 1618 1618 1618 1618 1618 1618 1620 1620 1620 1619 1619 1619 1619 1619 1619 1588 1588 1588 1588 1861 1861 1863 1863 1870 1870 1809 1809 1814 1862 1862 1818 1818 1790 1790 1791 1791 1791 1790 1790 1788 1788 1788 1788 1789 1789 1789 1789 1789 876 876 876 877 877 802 802 803 803 803 797 797 797 855 855
244 244 253 253 253 253 253 253 251 249 249 249 249 249 249 249 252 252 252 1618 1618 1618 1618 1583 1583 1618 1618 1620 1620 1619 1619 1619 1619 1619 1619 1588 1588 1588 1861 1861 1861 1863 1863 1870 1870 1868 1862 1862 1862 1862 1862 1862 1790 1790 1791 1791 1791 1791 1791 1788 1788 1788 1788 1788 1789 1789 1789 876 876 876 876 876 877 877 802 803 797 797 797 797 797 797 855
244 244 244 244 241 241 241 241 241 249 249 249 249 249 252 252 252 252 252 1612 1618 1618 1583 1583 1583 1583 1583 1620 1584 1619 1585 1619 1619 1619 1588 1588 1588 1588 1867 1867 1867 1867 1863 1868 1868 1868 1862 1862 1862 1862 1862 1862 1790 1791 1791 1791 1791 1791 1788 1788 1788 1788 1788 1788 805 805 805 876 876 876 876 878 877 877 877 877 797 797 797 797 797 797 855
244 239 239 239 241 241 241 241 241 241 249 249 249 252 252 252 252 252 1612 1612 1612 1582 1583 1583 1583 1583 1583 1584 1584 1585 1585 1585 1589 1589 1589 1589 1588 1867 1867 1867 1867 1867 1873 1868 1868 1868 1868 1868 1872 1872 1872 1872 1872 1791 1791 1791 1791 1791 1788 1788 1788 1788 804 804 805 805 810 876 876 875 878 878 880 880 880 880 797 797 797 873 873 873 873
240 239 239 243 239 241 241 241 241 1603 1603 1603 1602 1602 1612 1612 1612 1612 1612 1613 1613 1613 1582 1583 1583 1584 1584 1584 1584 1584 1585 1585 1585 1589 1589 1589 1864 1864 1864 1864 1864 1873 1873 1869 1869 1869 1869 1872 1872 1872 1872 1872 1872 811 811 1791 811 1791 1791 1788 807 807 804 810 810 810 805 805 875 875 879 879 879 880 880 880 874 873 873 873 873 873 1666
240 239 239 243 243 243 243 243 243 243 1603 1603 1602 1602 1612 1612 1612 1612 1612 1613 1613 1613 1613 1582 1582 1582 1582 1592 1584 1584 1592 1585 1585 1589 1589 1589 1864 1864 1864 1864 1864 1873 1873 1869 1869 1869 1869 1869 1872 1872 1872 1872 1872 811 811 811 811 811 811 811 807 807 804 804 809 809 809 809 875 875 879 881 881 881 880 874 874 874 874 873 873 1666 1666
