executables/data/chinaprefectureasciigrid.txt
ncols         612
nrows         378
xllcorner     73.55770111084
yllcorner     15.779999732971
cellsize      0.1
NODATA_value  -9999
[rows 156 to 194 of 378, columns 352 to 439 of 612]
244 244 244 244 244 244 244 244 244 244 244 244 244 244 244 244 244 244 268 268 268 268 268 268 268 268 268 268 270 270 270 270 270 270 270 270 270 270 270 270 266 266 266 266 266 266 272 272 272 272 272 272 97 97 97 97 97 97 97 97 97 97 97 97 97 97 97 94 94 94 94 94 94 91 94 94 94 94 91 91 91 91 91 91 91 91 91 246
244 244 244 244 244 244 244 244 244 244 244 244 244 244 244 244 244 244 244 268 268 268 268 268 268 268 268 268 268 268 270 270 270 270 270 270 270 270 270 266 266 266 266 266 266 266 272 272 272 272 272 272 97 97 97 97 97 97 97 97 97 97 97 97 97 97 94 94 94 94 94 94 94 94 94 94 94 91 91 91 246 246 246 246 246 246 246 246
244 244 244 244 244 244 244 244 244 244 244 244 244 244 244 244 244 244 244 244 268 268 268 268 268 268 268 268 268 268 268 268 270 270 270 270 270 270 270 266 266 266 266 266 266 266 266 272 272 272 272 272 97 97 97 97 97 97 97 97 97 97 99 99 99 97 94 94 94 94 94 94 94 94 94 94 94 91 91 246 246 246 246 246 246 246 246 246
244 244 244 244 244 244 244 244 244 244 244 244 244 244 244 244 244 244 244 244 268 268 268 268 268 268 268 268 268 268 268 268 268 268 270 270 270 270 266 266 266 266 266 266 266 266 266 266 266 266 266 266 266 266 97 97 97 97 97 97 99 99 99 99 94 94 94 94 94 94 94 94 94 94 94 94 91 91 91 246 246 246 246 246 246 245 245 245
244 244 244 244 244 244 244 244 244 244 244 244 244 244 244 244 244 244 244 244 268 268 268 268 268 268 268 268 268 268 268 268 268 268 268 270 270 270 270 266 266 266 266 266 266 266 266 266 266 266 266 266 266 97 97 97 99 99 99 99 99 99 99 99 99 99 94 94 94 94 94 94 94 94 94 246 91 246 246 246 246 246 246 246 246 245 245 245
244 244 244 244 244 244 243 243 244 243 244 244 244 244 244 244 244 244 244 268 268 268 268 268 268 268 268 268 268 268 268 268 268 268 268 266 266 266 266 266 266 266 266 266 266 266 266 266 266 266 266 266 266 99 99 99 99 99 99 99 99 99 99 99 99 99 94 94 94 94 94 94 94 94 94 246 246 246 246 246 246 246 246 249 249 249 245 245
244 244 244 244 244 243 243 243 243 243 244 244 244 244 244 244 244 244 244 268 268 268 268 268 268 268 268 268 268 268 268 268 268 268 268 266 266 266 266 266 266 266 266 266 266 266 266 266 266 266 266 266 99 99 99 99 99 99 99 99 99 99 99 99 99 99 99 99 94 94 94 94 246 246 246 246 246 246 246 246 246 246 249 249 249 249 245 245
244 243 243 243 243 243 243 243 243 243 243 243 243 244 244 244 244 244 244 268 268 268 268 268 268 268 268 268 268 268 268 268 266 266 266 266 266 266 266 266 266 266 266 266 266 266 266 266 266 266 266 99 99 99 99 99 99 99 99 99 99 99 99 99 99 99 99 99 99 99 94 94 246 246 246 246 246 246 246 246 246 246 246 249 249 249 245 245
243 243 243 243 243 243 243 243 243 243 243 243 243 244 244 244 244 244 268 268 268 268 268 268 268 268 268 268 268 268 268 268 266 266 266 266 266 266 266 266 266 266 266 266 266 266 266 266 266 266 99 99 99 99 99 99 99 99 99 99 99 99 99 99 99 99 99 99 99 99 94 246 246 246 246 246 246 246 246 246 246 246 246 249 249 249 249 245
244 243 243 243 243 243 243 243 243 243 243 243 243 244 244 244 244 268 268 268 268 268 268 268 268 268 268 268 268 268 268 266 266 266 266 266 266 263 263 263 266 266 266 266 266 266 266 266 266 266 99 99 99 99 99 99 99 99 99 99 99 99 99 99 99 99 99 99 99 99 99 246 246 246 246 246 246 246 246 246 246 246 249 249 249 249 261 261
243 243 243 243 243 243 243 243 243 243 243 243 243 243 243 243 243 268 268 267 268 268 268 268 268 268 268 268 266 266 266 266 266 263 263 263 263 263 263 263 263 266 266 266 263 263 266 266 266 266 93 93 99 99 99 99 99 99 99 99 93 93 93 93 99 99 99 99 99 99 246 246 246 246 252 252 252 246 246 246 246 246 249 249 249 249 249 249
243 243 243 243 243 243 243 243 243 243 243 243 243 243 243 243 267 267 267 267 267 267 267 267 268 268 266 266 266 266 266 266 263 263 263 263 263 263 263 263 263 263 263 263 263 263 263 266 266 93 93 93 93 93 93 93 93 99 93 93 93 93 93 93 93 99 99 99 99 252 252 252 252 252 252 252 246 246 246 246 246 249 249 249 249 249 249 249
243 243 243 243 243 243 243 243 243 243 243 243 243 243 243 243 243 267 267 267 267 267 267 267 267 267 267 267 266 266 266 266 263 263 263 263 263 263 263 263 263 263 263 263 263 263 263 93 93 93 93 93 93 93 93 93 93 93 93 93 93 93 93 93 93 93 93 252 252 252 252 252 252 252 252 252 246 246 246 246 246 249 249 249 249 249 249 249
243 243 243 243 243 243 243 243 243 243 243 243 243 243 243 243 243 267 267 267 267 267 267 267 267 267 267 267 267 267 267 267 267 263 263 263 263 263 263 263 263 263 263 263 263 263 263 263 93 93 93 93 93 93 93 93 93 93 93 93 93 93 93 93 93 93 252 252 252 252 252 252 252 252 252 252 246 246 246 246 249 249 249 249 249 249 249 249
243 243 243 243 243 243 243 243 243 243 243 243 243 243 243 243 243 267 267 267 267 267 267 267 267 267 267 267 267 267 267 267 267 267 263 263 263 263 263 263 263 263 263 263 263 263 263 263 93 93 93 93 93 93 93 93 93 93 93 93 93 93 93 93 93 252 252 252 252 252 252 252 252 252 252 252 246 246 246 249 249 249 249 249 249 249 249 249
243 243 243 243 243 243 243 243 243 243 243 243 243 243 243 243 243 267 267 267 267 267 267 267 267 267 267 267 267 267 267 267 267 267 263 263 263 263 263 263 263 263 263 263 263 263 263 263 263 93 93 93 93 93 93 93 93 93 93 93 93 93 93 93 93 252 252 252 252 252 252 252 252 252 252 252 252 246 246 249 249 249 249 249 249 256 251 251
243 243 243 243 243 243 243 243 243 243 243 243 243 243 243 243 243 267 267 267 267 267 267 267 267 267 267 267 267 267 267 267 267 267 267 267 267 263 263 263 263 263 263 263 263 263 263 263 263 263 114 114 114 93 93 93 93 93 93 93 93 93 93 93 93 93 252 252 252 252 252 252 252 252 252 252 252 249 249 249 249 249 249 256 256 256 251 251
243 243 243 243 243 243 243 243 243 243 243 243 243 243 243 243 243 267 267 267 267 267 267 267 267 267 267 267 267 267 267 267 267 267 267 267 267 267 263 263 263 263 263 263 263 263 263 263 263 114 114 114 114 114 114 114 93 93 93 93 93 93 93 93 93 93 93 252 252 252 252 252 252 252 252 249 249 256 256 256 256 256 256 256 256 256 251 251
243 243 243 243 243 243 243 243 243 243 243 243 243 243 243 243 243 267 267 267 267 267 267 267 267 267 267 267 267 267 267 267 267 267 267 267 267 267 263 263 263 263 263 263 263 263 263 263 263 114 114 114 114 114 114 114 114 114 93 114 93 93 93 123 123 93 123 252 252 252 252 252 252 252 249 249 249 249 256 256 256 256 256 256 256 256 256 251
243 243 243 243 243 243 243 243 243 243 243 243 243 243 243 243 243 267 267 267 267 267 267 267 267 267 267 267 267 267 267 267 267 267 267 267 267 267 265 263 263 263 263 263 263 263 263 263 263 114 114 114 114 114 114 114 114 114 114 114 114 114 123 123 123 123 123 252 252 252 252 252 123 256 256 256 256 256 256 256 256 256 256 256 256 256 256 256
243 243 243 243 243 243 243 243 243 243 243 243 243 243 243 243 243 267 267 267 267 267 267 267 267 267 267 267 267 267 267 267 267 267 267 267 267 265 265 265 265 263 265 263 263 263 263 263 263 114 114 114 114 115 115 114 114 114 114 114 114 114 123 123 123 123 252 252 252 123 123 250 250 256 256 256 256 256 250 256 256 256 256 256 256 256 256 256
243 243 243 243 243 243 243 243 243 243 243 243 243 243 243 243 243 240 267 267 267 267 267 267 267 267 267 267 267 267 267 267 267 267 265 265 265 265 265 265 265 265 265 265 265 265 265 265 263 114 114 114 114 115 115 114 114 114 114 114 114 114 123 123 123 123 252 123 123 123 248 250 250 250 250 256 256 250 250 256 256 256 256 256 256 256 256 256
243 243 243 243 243 243 243 243 243 243 243 243 243 243 243 240 240 240 273 273 267 267 273 273 267 267 267 267 267 267 267 267 267 265 265 265 265 265 265 265 265 265 265 265 265 265 265 265 126 126 114 114 115 115 115 115 115 115 115 115 114 123 123 123 123 123 123 248 248 248 248 248 248 250 250 250 250 250 250 256 256 256 250 250 250 250 250 256
243 243 243 243 243 243 243 243 243 243 243 243 243 243 243 240 240 240 240 273 273 273 273 273 273 267 267 267 273 273 267 267 265 265 265 265 265 265 265 265 265 265 265 265 265 265 265 265 126 126 126 126 126 115 115 115 115 115 114 114 114 123 123 123 123 123 248 248 248 248 248 248 248 248 250 250 250 250 250 250 250 250 250 250 250 250 250 250
243 243 243 239 239 243 243 243 243 243 243 243 243 243 243 240 240 240 273 273 273 273 273 273 273 273 273 273 273 273 273 273 265 265 265 265 265 265 265 265 265 265 265 265 265 265 265 126 126 126 126 126 126 126 115 115 114 114 114 114 114 114 123 123 123 123 248 248 248 248 248 248 248 248 250 250 250 250 250 250 250 250 250 250 250 250 250 253
243 243 239 239 239 239 239 243 240 243 240 243 243 243 240 240 240 240 273 273 273 273 273 273 273 273 273 273 273 273 273 273 265 265 265 265 265 265 265 265 265 265 265 265 116 116 116 126 126 126 126 126 126 126 126 126 114 114 114 114 114 114 123 123 123 248 248 248 248 248 248 248 248 248 248 250 250 250 250 250 260 260 260 260 260 260 260 253
242 239 239 239 239 239 239 240 240 240 240 240 240 240 240 240 240 273 273 273 273 273 273 273 273 273 273 273 273 273 273 273 273 265 265 265 265 265 265 265 265 265 116 116 116 116 116 126 126 126 126 126 126 126 126 126 114 114 114 126 126 126 126 248 248 248 248 248 248 248 248 248 248 248 250 250 250 250 250 250 260 260 260 260 260 260 260 253
242 242 239 239 239 240 240 240 240 240 240 240 240 240 240 240 273 273 273 273 273 273 273 273 273 273 273 273 273 273 273 273 273 117 117 265 117 265 265 265 116 116 116 116 116 116 116 116 126 126 126 126 126 126 126 126 126 126 126 126 126 126 248 248 248 248 248 248 248 248 248 248 248 248 248 250 250 250 250 250 260 260 260 260 260 260 260 253
242 242 242 239 239 239 239 240 240 240 240 240 240 240 240 240 273 273 273 273 273 273 273 273 273 273 273 273 273 273 273 273 273 117 117 117 117 117 117 117 116 116 116 116 116 116 116 116 126 126 126 126 126 126 126 126 126 126 126 126 126 248 248 248 248 248 248 248 248 248 248 248 248 248 250 250 250 250 250 250 250 260 260 260 260 260 260 260
242 242 239 239 239 240 240 240 240 240 240 240 240 240 240 240 273 273 273 273 273 273 273 273 273 273 273 273 273 273 124 124 120 117 117 117 117 117 117 117 116 116 116 116 116 116 116 116 116 126 126 126 126 126 126 126 126 126 126 126 248 248 248 248 248 248 248 248 248 248 248 248 248 248 250 250 250 250 250 250 250 250 260 260 260 260 260 260
242 242 242 240 240 240 240 240 240 240 240 240 240 240 240 273 273 273 273 273 273 273 273 273 273 273 273 273 273 124 124 120 120 120 120 120 117 117 116 116 116 116 116 116 116 129 129 129 129 126 126 126 129 129 126 126 126 126 126 126 118 118 118 118 248 248 248 248 248 248 248 248 248 248 250 250 250 250 172 172 172 250 250 260 260 260 260 260
242 242 240 240 240 240 240 240 240 240 240 240 240 240 240 273 273 273 273 273 273 273 273 273 273 273 273 124 124 124 124 124 120 120 120 120 120 120 120 116 116 129 129 129 129 129 129 129 129 129 129 129 129 129 118 118 118 118 118 118 118 118 118 118 118 125 248 248 248 248 248 248 248 248 248 248 172 172 172 172 172 172 250 250 260 260 260 260
242 242 242 240 240 240 241 240 240 240 240 240 240 240 240 273 273 273 273 273 273 273 124 124 124 124 124 124 124 124 124 124 120 120 120 120 120 120 120 120 120 129 129 129 129 129 129 129 129 129 129 129 129 129 118 118 118 118 118 118 118 125 125 125 125 125 125 248 248 248 248 248 248 248 248 248 172 172 172 172 172 172 172 250 250 260 260 260
242 242 242 242 241 241 241 240 240 240 240 240 240 240 240 273 273 273 273 273 124 124 124 124 124 124 124 124 124 124 120 124 120 120 120 120 120 120 120 120 120 129 129 129 129 129 129 129 129 129 129 129 129 129 118 118 118 118 118 118 118 125 125 125 125 125 125 248 248 248 248 248 248 248 248 248 14 172 172 172 172 172 172 172 250 250 250 260
242 242 241 241 241 241 240 240 240 240 240 240 240 240 240 240 124 124 124 124 124 124 124 124 124 124 124 120 120 120 120 120 120 120 120 120 120 120 120 120 120 120 129 129 129 129 129 129 129 129 129 129 129 118 118 118 118 118 118 118 118 118 125 125 125 125 125 125 125 125 125 125 125 125 14 14 14 14 172 172 172 172 172 172 250 172 172 260
242 242 241 241 241 241 241 240 240 240 240 240 240 238 240 240 124 124 124 124 124 124 124 124 120 120 120 120 120 120 120 120 120 120 120 120 120 120 120 120 129 129 129 129 129 129 129 129 129 129 129 118 118 118 118 118 118 118 118 118 118 125 125 125 125 125 125 125 125 125 125 125 125 125 14 14 14 14 14 14 172 172 172 172 172 172 172 172
241 241 241 241 241 241 241 240 240 240 240 240 240 238 238 238 238 124 124 124 124 124 124 124 120 120 120 120 120 120 120 120 120 120 120 120 120 120 122 122 122 129 129 129 129 128 128 128 129 129 128 118 118 118 118 118 118 118 118 118 118 125 125 125 125 125 125 125 125 125 125 125 125 125 125 125 14 14 14 14 14 14 172 172 172 172 172 172
241 241 241 241 241 241 241 241 241 241 238 238 238 238 238 238 238 124 124 124 124 124 124 124 120 120 120 120 120 120 120 120 120 120 120 120 120 120 122 122 122 122 122 128 128 128 128 128 128 128 128 128 128 118 128 130 130 130 130 130 130 130 130 125 125 125 125 125 125 125 125 125 125 125 125 125 125 125 14 14 14 14 14 172 172 172 172 172
241 241 241 241 241 241 241 241 241 241 238 238 238 238 238 238 238 238 238 124 124 124 124 124 124 120 120 120 120 120 120 120 120 120 120 120 120 120 120 122 122 122 122 122 128 128 128 128 128 128 128 128 128 128 128 130 130 130 130 130 130 130 130 130 125 125 125 125 125 125 125 125 125 125 125 125 125 125 14 14 14 14 14 172 172 172 172 172
