executables/data/chinacountyasciigrid.txt
ncols         612
nrows         378
xllcorner     73.55770111084
yllcorner     15.779999732971
cellsize      0.1
NODATA_value  -9999
[rows 74 to 110 of 378, columns 498 to 580 of 612]
1285 1285 1285 1285 1285 1285 711 711 711 711 710 710 710 710 710 710 780 780 714 714 789 789 789 789 789 789 789 782 782 782 782 725 725 725 725 725 725 725 721 721 721 721 726 726 726 726 726 726 726 729 729 729 729 729 729 729 729 729 729 729 732 732 732 732 732 732 732 732 732 747 747 747 747 747 747 747 747 773 773 773 773 773 775
1285 1285 1285 1285 1285 1285 1285 711 711 711 710 710 710 710 710 710 710 780 714 714 789 789 789 789 789 789 789 789 725 725 725 725 725 725 725 725 725 725 725 721 721 721 726 726 726 726 726 726 729 729 729 729 729 729 729 729 729 729 729 723 723 732 732 732 732 732 732 732 773 773 773 747 747 747 747 747 747 773 773 773 773 775 775
1285 1285 1285 1285 1285 1285 711 711 711 713 710 710 710 710 710 710 710 714 714 714 789 789 789 789 789 789 789 789 789 725 725 725 725 725 720 720 722 722 722 722 721 722 722 722 726 726 722 726 726 723 723 729 729 723 723 729 729 729 723 723 723 732 732 732 757 732 732 732 773 773 773 773 773 773 773 773 773 773 773 773 775 775 775
1285 1285 1285 1285 1285 1285 1285 713 713 713 713 713 713 710 714 714 714 714 714 714 714 714 714 789 789 789 789 789 789 789 724 724 724 724 724 720 720 722 722 722 722 722 722 722 722 722 722 722 722 723 723 723 723 723 723 723 723 723 723 723 723 723 757 757 757 757 757 757 773 773 773 773 773 773 774 774 773 774 774 773 775 754 754
1285 1282 1282 1285 1282 1285 1285 713 713 713 713 713 713 713 713 713 714 714 714 714 714 714 714 714 789 789 789 789 789 724 724 724 724 724 724 724 720 720 722 722 722 722 722 722 722 722 722 722 722 731 731 723 723 723 723 723 723 723 723 723 757 757 757 757 757 757 757 757 773 773 773 773 773 773 773 773 774 774 774 774 774 754 754
1282 1282 1282 1282 1282 1282 1282 1282 713 713 713 713 713 713 713 713 713 713 714 714 714 713 713 713 789 789 728 728 724 724 724 724 724 724 720 720 720 720 722 722 722 722 722 722 722 722 722 722 731 731 731 731 731 731 723 723 723 723 723 757 757 757 757 757 757 757 757 757 757 773 757 773 773 757 773 773 752 752 774 774 754 754 754
1282 1282 1282 1282 1282 1282 1282 1282 1282 1282 713 713 713 713 713 1314 713 713 713 713 713 713 713 713 789 728 728 728 728 728 728 728 724 720 720 720 720 720 720 720 720 722 720 727 727 727 731 731 731 731 731 731 731 731 731 731 731 727 756 756 756 757 757 757 757 757 757 757 757 757 757 757 757 757 752 752 752 752 752 754 754 754 754
1282 1282 1282 1282 1282 1282 1282 1282 1282 1282 1315 713 1315 1314 1314 1314 1314 713 713 713 1313 1313 1313 728 728 728 728 728 728 728 728 728 728 730 720 720 720 720 720 720 720 720 720 727 727 727 731 731 731 731 731 731 731 731 727 727 727 727 756 756 756 756 756 756 756 757 757 757 757 757 757 757 757 753 753 753 753 752 752 754 754 754 754
1282 1282 1282 1282 1282 1282 1282 1315 1315 1315 1315 1315 1315 1315 1314 1314 1314 1313 1313 1313 1313 1313 1313 1313 728 728 728 728 728 728 728 728 728 730 730 730 730 720 720 720 720 727 727 727 727 727 727 731 731 731 731 731 731 727 727 727 727 756 756 756 756 756 756 756 756 756 757 757 757 757 757 753 753 753 753 753 753 752 752 752 752 752 754
1282 1282 1282 1282 1282 1282 1282 1314 1314 1315 1315 1315 1315 1315 1314 1314 1313 1313 1313 1313 1313 1313 1313 1313 1313 728 728 728 728 728 728 1297 730 730 730 730 730 730 730 720 727 727 727 727 727 727 727 727 727 727 731 731 731 727 727 727 727 727 756 756 756 756 756 756 756 757 757 757 757 757 757 753 753 753 753 753 753 752 752 752 752 752 752
1284 1282 1282 1282 1282 1314 1314 1314 1314 1314 1315 1315 1315 1315 1315 1314 1314 1313 1313 1313 1313 1313 1313 1313 1313 1313 1313 1313 1297 1297 1297 1297 1297 1297 1297 1297 730 730 730 730 730 727 727 727 727 727 727 727 727 727 727 727 727 727 727 727 727 756 756 756 756 756 756 756 756 757 757 757 757 757 757 753 753 753 753 753 753 752 752 752 752 752 752
1284 1282 1282 1314 1314 1314 1314 1314 1314 1314 1315 1315 1315 1315 1315 1315 1315 1313 1313 1313 1313 1313 1313 1313 1313 1313 1313 1313 1297 1297 1297 1297 1297 1297 1297 1297 730 730 730 730 730 730 730 727 727 727 727 727 727 727 727 727 727 727 727 727 727 756 756 756 756 756 756 756 757 757 757 757 759 759 759 759 759 753 753 753 753 752 752 752 752 752 -9999
1284 1314 1314 1314 1314 1314 1314 1314 1314 1314 1315 1315 1315 1315 1315 1315 1315 1315 1313 1313 1313 1313 1313 1295 1313 1313 1313 1313 1297 1297 1297 1297 1297 1297 1297 1297 1297 730 730 730 730 730 730 730 730 727 727 727 727 727 727 727 727 727 727 727 727 756 756 756 756 756 756 757 757 757 757 757 759 759 759 759 759 759 759 752 752 -9999 752 -9999 -9999 -9999 -9999
1284 1314 1314 1314 1314 1314 1314 1314 1314 1314 1315 1315 1315 1315 1315 1315 1315 1315 1315 1295 1295 1295 1295 1295 1313 1313 1313 1297 1297 1297 1297 1297 1297 1297 1297 1297 730 730 730 730 730 730 730 730 730 727 727 727 727 727 727 727 727 727 727 756 756 756 756 756 756 756 756 757 757 757 757 757 759 759 759 759 759 759 759 759 -9999 -9999 -9999 -9999 -9999 -9999 -9999
1284 1284 1314 1314 1314 1314 1314 1314 1314 1314 1315 1315 1315 1315 1315 1315 1295 1295 1295 1295 1295 1295 1295 1293 1293 1293 1293 1293 1297 1297 1297 1297 1297 1297 1297 1297 1297 730 730 730 730 730 730 730 730 730 727 727 727 727 727 727 727 727 756 756 756 756 756 756 758 758 758 758 757 757 757 757 759 759 759 759 759 759 759 755 755 -9999 -9999 -9999 -9999 -9999 -9999
1312 1312 1315 1315 1315 1315 1315 1315 1315 1315 1315 1315 1315 1295 1295 1295 1295 1295 1295 1295 1295 1293 1293 1293 1293 1293 1293 1293 1293 1293 1297 1297 1297 1297 1297 1297 1297 730 1302 1302 730 730 730 730 730 730 730 727 727 727 756 756 756 756 756 756 756 756 756 756 756 758 758 758 758 759 759 759 759 759 759 759 759 755 755 755 755 755 -9999 -9999 -9999 -9999 -9999
1312 1312 1312 1312 1315 1315 1315 1315 1315 1315 1315 1315 1295 1295 1295 1295 1295 1295 1295 1295 1293 1293 1293 1293 1293 1293 1293 1293 1293 1293 1293 1302 1302 1297 1297 1297 1302 1302 1302 1302 1302 1302 730 730 730 730 727 727 727 756 756 756 756 756 756 756 756 756 756 756 756 756 758 758 758 759 759 759 759 759 759 759 755 755 755 755 755 761 -9999 -9999 -9999 -9999 -9999
1312 1312 1312 1312 1312 1315 1315 1315 1315 1315 1312 1312 1312 1295 1295 1295 1295 1295 1295 1295 1293 1293 1293 1293 1293 1293 1294 1294 1294 1294 1294 1302 1302 1302 1302 1302 1302 1302 1302 1302 1302 730 730 730 730 730 730 730 730 1324 1324 756 756 756 756 756 756 756 756 756 760 758 758 758 758 758 759 759 759 759 759 759 755 755 755 755 761 761 -9999 -9999 -9999 -9999 -9999
1312 1312 1312 1312 1312 1312 1312 1315 1312 1312 1312 1312 1312 1295 1295 1295 1295 1295 1295 1295 1293 1293 1293 1294 1294 1294 1294 1294 1294 1294 1294 1302 1302 1302 1302 1302 1302 1302 1302 1302 1302 1302 730 730 730 730 730 1324 1324 1324 1324 756 756 756 756 756 760 760 760 760 760 760 760 760 760 759 759 759 759 759 759 755 755 755 755 755 755 761 761 -9999 -9999 -9999 -9999
1312 1312 1312 1312 1312 1312 1312 1312 1312 1312 1312 1312 1312 1295 1295 1295 1295 1295 1295 1295 1293 1293 1294 1294 1294 1294 1294 1294 1294 1294 1294 1303 1302 1303 1302 1302 1302 1302 1302 1302 1302 1302 730 730 730 730 730 1324 1324 1324 1324 756 760 760 760 760 760 760 760 760 760 760 760 760 760 759 759 759 759 759 759 759 755 755 755 755 755 755 755 -9999 -9999 -9999 -9999
1312 1312 1312 1312 1312 1312 1312 1312 1312 1312 1312 1312 1312 1307 1295 1295 1295 1295 1295 1293 1293 1293 1294 1294 1294 1294 1294 1294 1303 1303 1303 1303 1303 1303 1302 1299 1302 1302 1302 1302 1302 1302 1302 1302 730 730 730 1324 1324 1324 1324 760 760 760 760 760 760 760 760 760 760 760 760 760 760 760 759 759 759 759 759 755 755 755 755 755 755 755 755 -9999 -9999 -9999 -9999
1309 1309 1309 1309 1312 1312 1312 1312 1312 1312 1312 1307 1307 1307 1307 1295 1295 1295 1295 1292 1292 1294 1294 1294 1294 1294 1303 1303 1303 1303 1300 1300 1300 1303 1299 1299 1299 1299 1302 1302 1299 1299 1302 1302 1299 1324 1324 1324 1324 1324 1324 1324 760 760 760 760 760 760 760 760 760 760 760 760 760 760 759 759 759 1329 755 755 755 755 755 755 755 755 755 -9999 -9999 -9999 -9999
1443 1309 1309 1309 1309 1309 1309 1307 1307 1307 1307 1307 1307 1307 1307 1307 1295 1292 1292 1292 1292 1292 1296 1294 1294 1294 1294 1303 1303 1303 1300 1300 1300 1303 1303 1299 1299 1299 1299 1299 1299 1299 1299 1299 1324 1324 1324 1324 1324 1324 1324 1324 1324 760 760 760 760 760 760 760 760 760 760 760 1329 1329 1329 759 1329 1329 755 755 755 755 755 755 755 755 755 -9999 -9999 -9999 -9999
1443 1309 1309 1309 1309 1309 1309 1307 1307 1307 1307 1307 1307 1307 1307 1307 1307 1292 1292 1292 1292 1296 1296 1296 1296 1303 1303 1303 1303 1303 1300 1300 1300 1300 1303 1299 1299 1299 1299 1299 1299 1299 1299 1299 1299 1324 1324 1324 1324 1324 1324 1324 1324 760 760 760 760 760 760 760 1329 1329 1329 1329 1329 1329 1329 1329 1329 1329 755 755 755 755 755 755 755 755 755 -9999 -9999 -9999 -9999
1443 1309 1309 1309 1309 1309 1309 1307 1308 1308 1308 1308 1307 1307 1307 1307 1307 1307 1292 1292 1292 1292 1296 1296 1296 1303 1303 1303 1303 1303 1300 1300 1300 1300 1300 1299 1299 1299 1299 1299 1299 1299 1299 1299 1299 1324 1324 1324 1324 1324 1324 1324 1324 1324 760 760 760 760 760 1329 1329 1329 1329 1329 1329 1329 1329 1329 1329 1329 1329 755 755 755 755 755 755 755 755 -9999 -9999 -9999 -9999
1443 1443 1309 1309 1309 1309 1308 1308 1308 1308 1308 1308 1308 1307 1307 1307 1307 1307 1311 1292 1292 1296 1296 1296 1296 1303 1303 1303 1303 1303 1303 1303 1303 1303 1303 1303 1299 1299 1299 1299 1299 1299 1299 1299 1299 1324 1324 1324 1324 1324 1324 1324 1324 1324 1324 760 760 760 760 1329 1329 1329 1329 1329 1329 1329 1329 1329 1329 1329 1329 1329 755 755 755 755 755 755 755 -9999 -9999 -9999 -9999
1309 1309 1309 1309 1308 1308 1308 1308 1308 1308 1308 1308 1308 1307 1307 1307 1311 1311 1311 1292 1311 1296 1296 1296 1296 1303 1303 1303 1303 1303 1303 1303 1303 1303 1303 1303 1299 1299 1299 1299 1299 1299 1299 1299 1324 1324 1324 1324 1324 1324 1324 1324 1324 1324 1324 1324 760 1329 1329 1329 1329 1329 1329 1329 1329 1329 1329 1329 1329 1329 1329 1329 1329 1329 755 755 755 755 -9999 -9999 -9999 -9999 -9999
1442 1442 1309 1309 1382 1308 1308 1308 1308 1308 1308 1308 1308 1308 1307 1311 1311 1311 1311 1311 1311 1296 1296 1296 1296 1296 1301 1301 1303 1303 1303 1303 1303 1298 1298 1298 1299 1299 1299 1299 1299 1299 1299 1324 1324 1324 1324 1324 1324 1324 1324 1324 1324 1324 1324 1324 1324 1324 1329 1329 1329 1329 1329 1329 1329 1329 1329 1329 1329 1329 1329 1329 1329 1329 1329 1326 1326 1326 1326 -9999 -9999 -9999 -9999
1442 1442 1442 1382 1382 1382 1308 1308 1308 1308 1308 1308 1308 1308 1307 1307 1311 1311 1311 1311 1311 1311 1296 1296 1296 1296 1301 1301 1301 1298 1298 1303 1298 1298 1298 1298 1298 1299 1299 1299 1299 1299 1299 1324 1324 1324 1324 1324 1324 1324 1324 1324 1324 1324 1324 1323 1323 1327 1327 1329 1329 1329 1329 1329 1329 1329 1329 1329 1329 1329 1329 1329 1329 1329 1326 1326 1326 1326 1326 -9999 -9999 -9999 -9999
1442 1442 1442 1382 1382 1382 1382 1382 1382 1310 1310 1308 1308 1308 1307 1311 1311 1311 1311 1311 1311 1311 1311 1301 1301 1301 1301 1301 1301 1298 1298 1298 1298 1298 1298 1298 1298 1298 1299 1299 1298 1298 1298 1324 1324 1324 1324 1324 1324 1324 1324 1324 1324 1323 1323 1323 1323 1327 1327 1327 1329 1329 1329 1329 1329 1329 1329 1329 1329 1326 1326 1329 1329 1326 1326 1326 1326 1326 -9999 -9999 -9999 -9999 -9999
1442 1442 1442 1382 1382 1382 1382 1382 1382 1382 1310 1310 1308 1308 1308 1305 1305 1305 1305 1305 1304 1311 1311 1301 1301 1301 1301 1301 1301 1301 1301 1298 1298 1298 1298 1298 1298 1298 1298 1298 1298 1324 1324 1324 1324 1324 1324 1324 1324 1323 1324 1324 1324 1323 1323 1323 1323 1327 1327 1327 1327 1327 1329 1328 1328 1326 1326 1326 1326 1326 1326 1326 1326 1326 1326 1326 1326 1326 -9999 -9999 -9999 -9999 -9999
1442 1377 1382 1382 1382 1382 1382 1382 1382 1382 1310 1310 1308 1388 1388 1305 1305 1305 1305 1305 1305 1304 1304 1301 1301 1301 1301 1301 1301 1301 1301 1301 1298 1298 1298 1298 1298 1298 1298 1298 1298 1324 1324 1324 1324 1324 1324 1323 1323 1323 1323 1323 1323 1323 1323 1323 1323 1323 1327 1327 1327 1327 1327 1327 1328 1326 1326 1326 1326 1326 1326 1326 1326 1326 1326 1326 1326 -9999 -9999 -9999 -9999 -9999 -9999
1377 1377 1382 1382 1382 1382 1382 1382 1382 1382 1382 1308 1388 1388 1388 1305 1305 1306 1306 1305 1305 1305 1304 1304 1321 1301 1301 1301 1301 1301 1301 1301 1298 1298 1298 1298 1298 1298 1298 1298 1298 1298 1298 1324 1324 1324 1324 1323 1323 1323 1323 1323 1323 1323 1323 1325 1327 1327 1327 1327 1327 1330 1327 1327 1328 -9999 -9999 -9999 1326 1326 1326 1326 1326 1326 1326 1326 1326 1326 -9999 -9999 -9999 -9999 -9999
1377 1377 1382 1382 1382 1382 1382 1382 1382 1384 1384 1388 1388 1388 1388 1305 1305 1305 1305 1305 1305 1305 1304 1304 1321 1321 1301 1301 1301 1301 1301 1301 1301 1298 1298 1298 1298 1298 1298 1298 1298 1298 1298 1298 1324 1324 1324 1324 1323 1323 1323 1323 1325 1325 1323 1325 1327 1327 1327 1327 1327 1327 1327 1328 -9999 -9999 -9999 -9999 -9999 1326 1326 1326 1326 -9999 -9999 -9999 -9999 -9999 -9999 -9999 -9999 -9999 -9999
1377 1377 1382 1382 1382 1382 1382 1382 1384 1384 1388 1388 1388 1388 1388 1388 1305 1305 1305 1305 1304 1304 1304 1321 1321 1321 1318 1318 1318 1318 1301 1301 1301 1298 1290 1290 1290 1290 1290 1298 1298 1298 1298 1288 1288 1324 1323 1323 1323 1323 1323 1323 1325 1325 1325 1325 1325 1325 1325 1325 1327 1327 1327 1327 -9999 -9999 -9999 -9999 -9999 1326 1326 -9999 -9999 -9999 -9999 -9999 -9999 -9999 -9999 -9999 -9999 -9999 -9999
1377 1376 1376 1382 1382 1384 1384 1384 1384 1384 1388 1388 1388 1388 1388 1388 1305 1304 1304 1304 1304 1304 1304 1321 1321 1321 1321 1318 1318 1318 1318 1318 1318 1318 1290 1290 1290 1290 1288 1288 1298 1288 1288 1288 1288 1288 1323 1323 1323 1323 1323 1323 1323 1325 1325 1325 1325 1325 1325 1325 1327 1327 1327 1327 -9999 -9999 -9999 -9999 -9999 -9999 1326 1326 1326 -9999 -9999 -9999 -9999 -9999 -9999 -9999 -9999 -9999 -9999
1376 1376 1376 1387 1384 1384 1384 1384 1384 1384 1384 1384 1388 1388 1388 1388 1388 1304 1304 1304 1304 1304 1304 1321 1321 1321 1320 1318 1318 1318 1318 1318 1318 1290 1290 1290 1290 1288 1288 1288 1288 1288 1288 1288 1288 1288 1288 1323 1323 1323 1323 1323 1323 1325 1325 1325 1325 1325 1325 1327 1327 1327 1327 1327 -9999 -9999 -9999 -9999 -9999 -9999 -9999 -9999 -9999 -9999 -9999 -9999 -9999 -9999 -9999 -9999 -9999 -9999 -9999
