executables/data/chinaprefectureasciigrid.txt
ncols         612
nrows         378
xllcorner     73.55770111084
yllcorner     15.779999732971
cellsize      0.1
NODATA_value  -9999
[rows 234 to 272 of 378, columns 352 to 439 of 612]
132 132 132 132 132 132 132 132 132 132 132 132 132 132 132 132 148 148 148 148 148 148 148 148 148 148 148 148 137 137 137 137 137 137 137 137 137 137 138 138 138 137 137 137 137 137 137 146 146 146 137 137 137 145 143 143 143 133 133 133 135 135 135 135 135 134 134 134 134 134 134 134 134 1 1 1 1 1 1 1 1 5 5 5 5 5 5 5
132 132 132 132 132 132 132 132 132 132 132 132 132 132 132 132 148 149 149 149 149 149 149 149 149 137 137 137 137 137 137 137 137 137 137 137 137 137 137 137 137 137 137 137 137 137 137 137 137 137 137 145 145 145 143 143 143 143 135 135 135 135 135 135 135 135 134 134 134 134 134 134 134 1 1 1 1 1 180 180 5 5 5 5 5 5 11 11
132 132 132 132 132 132 132 132 132 132 132 132 132 132 132 132 132 149 149 149 149 149 149 149 149 149 137 137 137 137 137 137 137 137 137 137 137 137 137 137 137 137 137 137 137 137 137 137 137 137 137 145 145 145 145 145 145 145 135 135 135 135 135 135 135 135 134 134 134 134 134 134 134 1 1 1 1 1 180 180 180 5 5 5 11 11 11 11
132 132 132 132 132 132 132 132 132 132 132 132 132 132 132 132 132 132 132 149 149 149 149 149 149 149 149 149 149 149 149 149 137 137 137 137 137 137 137 137 137 137 137 137 137 137 137 137 145 145 145 145 145 145 145 145 145 145 145 145 135 135 135 135 135 135 135 180 180 180 134 134 134 134 180 1 180 180 180 180 180 5 5 179 179 179 179 11
132 132 132 132 132 132 132 132 132 132 161 161 161 161 161 132 132 132 161 149 149 149 149 149 149 149 149 149 149 149 149 149 149 137 137 137 137 137 137 137 160 160 160 137 137 137 160 160 145 145 145 145 145 145 145 145 145 145 145 145 145 135 135 135 135 135 135 180 180 180 180 134 180 180 180 180 180 180 180 5 5 5 5 5 179 179 179 11
19 132 132 132 132 132 132 132 157 132 161 161 161 161 161 161 161 161 161 161 161 161 161 149 149 149 149 149 149 149 149 149 149 149 149 137 137 137 137 160 160 137 137 137 137 160 160 160 160 145 145 145 145 145 145 145 145 145 145 145 145 135 135 135 180 180 180 180 180 180 180 180 180 180 180 180 180 180 180 5 5 183 183 179 179 179 179 179
19 132 132 132 132 132 132 157 157 157 161 161 161 161 161 161 161 161 161 161 161 161 161 161 161 161 149 149 149 149 149 149 149 149 149 137 160 160 160 160 160 160 137 137 160 160 160 160 160 145 145 145 145 145 145 145 145 145 145 145 145 145 180 135 180 180 180 180 180 180 180 180 180 180 180 180 180 180 183 183 183 183 183 179 179 179 179 179
19 19 132 132 132 132 157 157 157 157 161 157 161 161 161 161 161 161 161 161 161 161 161 161 161 161 149 149 149 149 149 149 149 149 149 158 160 160 160 160 160 160 160 160 160 160 160 160 160 160 145 145 145 145 145 145 145 145 145 145 145 180 180 180 180 180 180 180 180 180 180 180 180 180 180 180 180 180 183 183 183 183 183 179 179 179 179 179
19 19 19 132 132 132 157 157 157 157 157 157 161 161 161 161 161 161 161 161 161 161 161 161 161 149 149 149 149 149 149 149 149 149 149 158 158 160 158 160 160 160 160 160 160 160 160 160 160 145 145 145 145 145 145 180 180 145 180 180 180 180 180 180 180 180 180 180 180 180 180 180 180 180 180 180 180 180 183 183 183 183 183 179 179 179 179 183
19 19 19 19 132 157 157 157 157 157 157 157 157 161 161 161 161 161 161 161 161 161 161 161 161 149 149 149 149 149 149 149 149 149 149 158 158 158 158 160 160 160 160 160 160 160 160 160 160 145 145 145 145 145 180 180 180 180 180 180 180 180 180 180 180 180 180 180 180 180 180 180 180 180 180 180 180 180 183 183 183 183 179 179 179 179 183 183
19 19 19 19 19 157 157 157 157 157 157 157 157 157 157 161 161 161 161 161 161 161 161 149 149 149 149 149 149 149 149 149 149 149 158 158 158 158 158 158 158 158 160 160 160 160 160 160 160 145 145 145 180 180 180 180 180 180 180 180 180 180 180 180 180 180 180 180 180 180 180 180 180 181 181 180 180 183 183 183 183 183 183 179 179 179 179 183
19 19 19 19 19 157 157 157 157 157 157 157 157 157 157 157 161 161 161 161 161 149 149 149 149 149 149 149 149 149 149 149 149 149 149 158 158 158 158 158 158 158 160 160 160 160 160 160 160 160 160 160 180 180 180 180 180 180 180 180 180 180 180 185 185 185 185 180 180 180 180 181 181 181 181 181 183 183 183 183 183 183 183 179 179 179 179 183
19 19 19 19 19 157 157 157 157 157 157 157 157 157 157 157 161 161 153 161 153 153 149 149 149 149 149 149 149 149 149 149 149 149 149 158 158 158 158 158 160 160 160 160 160 160 160 160 160 160 160 160 180 180 180 180 180 180 180 180 180 180 185 185 185 185 185 181 181 181 180 181 181 181 181 181 183 183 183 183 183 183 179 179 179 179 179 183
19 19 19 19 19 157 157 157 157 157 157 157 157 157 157 157 153 153 153 153 153 153 153 149 149 149 149 149 149 149 149 149 149 149 149 158 158 158 158 160 160 160 160 160 160 160 160 160 160 160 160 160 160 160 180 180 180 180 180 180 180 185 185 185 185 185 185 181 181 181 181 181 181 181 181 183 183 183 183 183 183 183 183 179 179 179 179 179
19 19 19 19 19 157 157 157 157 157 157 157 157 157 157 153 153 153 153 153 153 153 153 149 149 149 149 149 149 149 149 149 149 149 149 158 158 158 160 160 160 160 160 160 160 160 160 160 160 160 160 160 160 160 185 185 180 185 180 180 185 185 185 185 185 185 185 185 181 181 181 181 181 181 181 181 183 183 183 183 183 183 183 183 183 183 183 183
19 19 19 19 157 157 157 157 157 157 157 157 157 157 157 153 153 153 153 153 153 153 149 149 149 149 149 149 149 149 158 158 158 158 158 158 158 158 160 160 160 160 160 160 160 150 150 160 160 160 160 160 160 160 185 185 185 185 185 185 185 185 185 185 185 185 185 185 181 181 181 181 181 181 181 181 181 183 183 183 183 183 183 183 183 183 183 183
19 19 19 19 19 157 157 157 157 157 157 157 157 157 153 153 153 153 153 153 153 153 149 149 158 149 158 158 158 158 158 158 158 158 158 158 158 158 158 160 160 160 160 160 150 150 150 150 160 160 160 150 150 150 185 185 185 185 185 185 185 185 185 185 185 185 185 185 181 181 181 181 181 181 181 181 181 181 183 183 183 183 183 186 186 186 183 183
19 19 19 19 85 157 157 157 157 157 157 157 157 153 153 153 153 153 153 153 153 149 158 158 158 158 158 158 158 158 158 158 158 158 158 158 158 158 150 150 150 150 150 150 150 150 150 150 150 160 150 150 150 150 185 185 185 185 185 185 185 185 185 185 185 185 185 185 181 181 181 181 181 181 181 181 181 181 183 183 183 186 186 186 186 186 183 183
19 19 19 19 85 157 157 157 157 157 157 157 157 157 153 153 153 153 153 153 158 158 158 158 158 158 158 158 158 158 158 158 158 158 158 158 158 158 150 150 150 150 150 150 150 150 150 150 150 150 150 150 150 150 150 185 185 185 185 185 185 185 185 185 185 185 185 185 185 185 185 181 181 181 181 181 181 176 176 176 186 186 186 186 186 183 183 183
85 19 19 85 85 85 157 157 157 157 157 157 157 157 157 153 153 153 153 153 158 158 158 158 158 154 158 158 158 158 158 158 150 150 150 150 150 150 150 150 150 150 150 150 150 150 150 150 150 150 150 150 150 150 185 185 185 185 185 185 185 185 185 185 185 185 185 185 185 185 185 185 185 185 181 181 176 176 176 186 186 186 186 186 186 183 183 183
85 85 85 85 85 85 157 157 157 157 157 157 157 157 153 153 153 153 153 153 153 158 158 158 154 154 154 158 158 158 158 158 150 150 150 150 150 150 150 150 150 150 150 150 150 150 150 150 150 150 150 150 150 185 185 185 185 185 185 185 185 185 185 185 185 185 185 185 185 185 185 185 185 185 176 176 176 176 176 176 186 186 186 186 186 186 183 183
85 85 85 85 85 85 157 157 157 157 157 157 157 157 153 153 153 153 153 153 153 158 154 154 154 154 154 154 158 158 158 150 150 150 150 150 156 150 150 150 156 150 150 150 150 150 150 150 150 150 150 150 185 185 185 185 185 185 184 184 184 184 184 184 185 185 185 185 185 185 185 185 185 185 176 176 176 176 176 176 176 176 186 186 186 186 186 183
85 85 85 85 85 157 157 157 157 153 153 153 157 153 153 153 153 153 153 153 153 153 154 154 154 154 154 154 154 154 154 154 150 150 156 156 156 156 156 150 156 156 156 162 162 150 150 162 150 150 182 182 185 185 185 185 185 184 184 184 184 184 184 184 185 185 178 178 185 185 185 185 185 176 176 176 176 176 176 176 176 176 176 186 186 186 186 22
85 85 85 85 85 85 157 157 157 153 153 153 153 153 153 153 153 153 153 153 154 154 154 154 154 154 154 154 154 154 154 154 154 156 156 156 156 156 156 156 156 156 156 162 162 162 162 162 162 162 182 182 185 185 185 185 185 185 184 184 184 184 184 184 184 184 178 178 178 185 185 176 176 176 176 176 176 176 176 176 176 176 176 176 176 22 22 22
85 85 85 85 85 85 85 153 153 153 153 153 153 153 153 153 153 153 153 153 153 154 154 154 154 154 154 154 154 154 154 154 154 156 156 156 156 156 156 156 156 156 156 162 162 162 162 162 162 182 182 182 182 182 185 185 185 185 184 184 184 184 184 184 178 178 178 178 178 178 176 176 176 176 176 176 176 176 176 176 176 176 176 176 176 22 22 22
85 85 85 85 85 85 85 153 153 153 153 153 153 153 153 153 153 153 153 153 153 155 155 154 154 154 154 154 154 154 154 154 154 154 154 156 156 156 156 156 156 156 156 162 162 162 162 162 182 182 182 182 182 182 185 185 185 185 184 184 184 184 178 178 178 178 178 178 178 176 176 176 176 176 176 176 176 176 176 176 176 176 22 22 22 22 22 22
85 85 85 85 85 85 153 153 153 153 153 153 153 153 153 153 153 153 153 155 155 155 155 155 155 155 155 155 155 154 154 154 154 154 154 156 154 156 156 156 156 156 162 162 162 162 162 162 182 182 182 182 182 182 178 178 178 178 178 178 178 178 178 178 178 178 178 178 176 176 176 176 176 176 176 176 176 176 176 176 176 176 176 22 22 22 22 22
82 82 82 85 153 153 153 153 153 153 153 153 153 153 153 153 153 153 153 155 155 155 155 155 155 155 155 155 155 155 155 154 154 154 154 154 154 154 152 156 156 156 162 162 162 162 162 162 182 182 182 182 182 178 178 178 178 178 178 178 178 178 178 178 178 178 178 178 178 178 176 176 176 176 176 176 176 176 176 176 176 176 176 176 22 22 22 22
82 85 85 153 153 153 153 153 153 153 153 153 153 153 153 153 153 153 155 155 155 155 155 155 155 155 155 155 155 155 155 155 154 154 154 152 152 152 152 152 152 152 152 162 162 162 162 162 162 162 162 182 182 178 178 178 178 178 178 178 178 178 178 178 178 178 178 178 178 176 176 176 176 176 176 176 176 176 176 176 176 176 176 176 22 22 22 22
82 85 153 153 153 153 153 153 153 153 153 153 153 153 153 153 153 155 155 155 155 155 155 155 155 155 155 155 155 155 155 155 155 154 152 152 152 152 152 152 152 152 152 162 152 162 162 162 162 162 162 182 182 182 178 178 178 178 178 178 178 178 178 178 178 178 178 178 178 176 176 176 176 176 176 176 176 176 176 176 176 176 176 176 22 22 22 22
82 153 153 153 153 82 82 153 153 153 153 153 153 153 153 155 155 155 155 155 155 155 155 155 155 155 155 155 155 155 155 155 155 152 152 152 152 152 152 152 152 152 152 152 162 162 162 162 162 162 182 182 178 178 178 178 178 178 178 178 178 178 178 178 178 178 178 178 178 176 176 176 176 177 176 176 176 176 176 176 176 176 176 22 22 22 22 22
82 153 82 82 82 82 82 82 153 153 153 153 153 153 155 155 155 155 155 155 155 155 155 155 155 155 155 155 155 152 152 155 155 152 152 152 152 152 152 152 152 152 152 152 152 162 162 162 162 162 162 182 178 178 178 178 178 178 178 178 178 178 178 178 178 178 178 178 178 178 178 176 177 177 176 176 176 176 176 176 176 26 26 26 26 26 26 22
82 82 82 82 82 82 82 153 153 153 153 153 153 155 155 155 155 155 155 155 155 155 155 155 155 155 155 155 152 152 152 152 152 152 152 152 152 152 152 152 152 152 152 152 152 162 162 162 162 162 162 178 178 178 178 178 178 178 178 178 178 178 178 178 178 178 178 178 178 178 178 177 177 177 176 176 176 176 176 26 26 26 26 26 26 26 26 22
82 82 82 82 82 82 82 153 153 153 153 153 153 155 155 155 155 155 155 155 155 155 155 155 155 155 155 155 152 159 152 152 152 152 152 152 152 152 152 152 152 152 152 152 152 162 162 162 162 162 162 178 178 178 178 178 178 178 178 178 178 178 178 178 178 178 178 178 178 177 177 177 177 177 176 176 176 176 26 26 26 26 26 26 26 26 26 26
82 82 82 82 82 82 82 153 153 153 153 153 153 155 155 155 155 155 155 155 155 155 155 155 155 155 155 159 159 159 159 159 152 152 152 152 152 152 152 152 152 152 152 152 151 151 162 162 162 162 162 178 178 178 178 178 178 178 178 178 178 178 178 178 178 178 178 178 178 178 177 177 177 177 176 176 176 176 26 26 26 26 26 26 26 26 26 26
82 82 82 82 82 82 153 153 153 153 153 155 155 155 155 155 155 155 155 155 155 155 155 155 155 155 155 155 159 159 159 159 159 159 152 152 152 152 152 152 152 152 152 152 151 151 151 162 162 162 162 178 178 178 178 178 178 178 178 178 178 178 178 178 178 177 177 177 177 177 177 177 177 177 177 176 176 176 26 26 26 26 26 26 26 26 26 26
82 82 82 82 82 82 153 153 153 153 153 155 155 155 155 155 155 155 155 155 155 155 155 155 155 155 155 155 159 159 159 159 159 159 159 152 152 152 152 152 152 152 152 152 151 151 151 151 162 162 162 162 162 178 178 178 178 178 178 178 178 178 178 178 178 177 177 177 177 177 177 177 177 177 177 176 177 177 26 26 26 26 26 26 26 26 26 26
82 82 82 82 82 82 153 153 153 153 153 153 155 155 155 155 155 155 155 155 155 155 155 155 155 155 155 159 159 159 159 159 159 159 152 152 152 152 152 152 152 152 152 152 151 151 151 151 162 162 162 162 162 178 178 178 178 178 178 178 178 178 178 177 177 177 177 177 177 177 177 177 177 177 177 177 177 177 26 26 26 26 26 26 26 26 26 26
82 82 82 82 82 153 153 153 153 153 153 153 155 155 155 155 155 155 69 155 155 155 155 155 155 155 155 155 159 159 159 159 159 159 152 152 152 152 152 152 152 152 152 152 151 151 151 151 162 162 162 162 162 178 178 178 178 178 178 178 178 178 178 177 177 177 177 177 177 177 177 177 177 177 177 177 177 26 26 26 26 26 26 26 26 26 26 26
